0 1.000000 
20 0.702397 
40 0.702030 
60 0.701608 
80 0.701262 
100 0.701041 
120 0.700873 
140 0.700742 
160 0.700633 
180 0.700456 
200 0.700270 
220 0.700072 
240 0.699826 
260 0.699609 
280 0.699369 
300 0.699134 
320 0.698952 
340 0.698859 
360 0.698852 
380 0.698879 
400 0.698915 
420 0.698917 
440 0.698934 
460 0.699037 
480 0.699083 
500 0.699140 
520 0.699246 
540 0.699324 
560 0.699424 
580 0.699475 
600 0.699569 
620 0.699674 
640 0.699802 
660 0.699934 
680 0.700063 
700 0.700191 
720 0.700287 
740 0.700302 
760 0.700402 
780 0.700423 
800 0.700475 
820 0.700524 
840 0.700540 
860 0.700546 
880 0.700563 
900 0.700543 
920 0.700523 
940 0.700423 
960 0.700322 
980 0.700212 
1000 0.700090 
1020 0.699981 
1040 0.699880 
1060 0.699794 
1080 0.699686 
1100 0.699558 
1120 0.699499 
1140 0.699397 
1160 0.699342 
1180 0.699262 
1200 0.699098 
1220 0.698938 
1240 0.698754 
1260 0.698558 
1280 0.698270 
1300 0.698050 
1320 0.697897 
1340 0.697754 
1360 0.697622 
1380 0.697496 
1400 0.697391 
1420 0.697260 
1440 0.697136 
1460 0.696991 
1480 0.696890 
1500 0.696739 
1520 0.696668 
1540 0.696448 
1560 0.696309 
1580 0.696215 
1600 0.696192 
1620 0.696079 
1640 0.696007 
1660 0.696008 
1680 0.695987 
1700 0.695924 
1720 0.695882 
1740 0.695896 
1760 0.695814 
1780 0.695745 
1800 0.695612 
1820 0.695554 
1840 0.695453 
1860 0.695330 
1880 0.695194 
1900 0.695101 
1920 0.695050 
1940 0.694991 
1960 0.694876 
1980 0.694723 
