1.400000 -2495.319500 
1.422000 -2456.725500 
1.444000 -2449.148000 
1.466000 -2445.294000 
1.488000 -2440.317500 
1.510000 -2434.355000 
1.532000 -2427.000000 
1.554000 -2421.779000 
1.576000 -2415.536500 
1.598000 -2406.141000 
1.620000 -2398.430000 
1.642000 -2387.429000 
1.664000 -2371.748500 
1.686000 -2354.934000 
1.708000 -2347.029000 
1.730000 -2327.288500 
1.752000 -2320.792500 
1.774000 -2311.858500 
1.796000 -2266.583000 
1.818000 -2251.501000 
1.840000 -2246.225500 
1.862000 -2186.749500 
1.884000 -2167.343500 
1.906000 -2115.356500 
1.928000 -2046.019500 
1.950000 -1970.497500 
1.972000 -1908.405500 
1.994000 -1772.055000 
2.016000 -1651.725000 
2.038000 -1585.625500 
2.060000 -1521.312000 
2.082000 -1518.609500 
2.104000 -1479.592500 
2.126000 -1483.484000 
2.148000 -1432.248500 
2.170000 -1438.547000 
2.192000 -1405.613000 
2.214000 -1398.409000 
2.236000 -1396.407000 
2.258000 -1377.928500 
2.280000 -1354.496500 
2.302000 -1350.534500 
2.324000 -1339.532500 
2.346000 -1325.749500 
2.368000 -1316.641000 
2.390000 -1316.790500 
2.412000 -1302.856500 
2.434000 -1299.109500 
2.456000 -1284.679000 
2.478000 -1276.693500 
1.400000 -1271.292000 
