1.900000 0.971008 0.000030 
1.935000 0.965336 0.000086 
1.970000 0.960680 0.000080 
2.005000 0.955944 0.000141 
2.040000 0.948872 0.000181 
2.075000 0.945568 0.000173 
2.110000 0.929712 0.000163 
2.145000 0.919264 0.000294 
2.180000 0.903240 0.000136 
2.215000 0.878952 0.000554 
2.250000 0.808664 0.002692 
2.285000 0.770552 0.001776 
2.320000 0.694048 0.001703 
2.355000 0.641776 0.001487 
2.390000 0.575160 0.000909 
2.425000 0.554176 0.000695 
2.460000 0.514824 0.000536 
2.495000 0.522720 0.001384 
2.530000 0.527792 0.000765 
2.565000 0.514256 0.000512 
