1.900000 0.453637 
1.916000 0.937949 
1.932000 0.934341 
1.948000 0.931033 
1.964000 0.924178 
1.980000 0.921370 
1.996000 0.918196 
2.012000 0.914763 
2.028000 0.906913 
2.044000 0.903657 
2.060000 0.894077 
2.076000 0.890194 
2.092000 0.885076 
2.108000 0.871837 
2.124000 0.859920 
2.140000 0.857575 
2.156000 0.817309 
2.172000 0.830837 
2.188000 0.780190 
2.204000 0.805220 
2.220000 0.789019 
2.236000 0.642790 
2.252000 0.769124 
2.268000 0.656078 
2.284000 0.665064 
2.300000 0.502825 
2.316000 0.499465 
2.332000 0.441308 
2.348000 0.300334 
2.364000 0.318064 
2.380000 0.293908 
2.396000 0.331364 
2.412000 0.394204 
2.428000 0.204398 
2.444000 0.144350 
2.460000 0.137050 
2.476000 0.251920 
2.492000 0.095459 
2.508000 0.161570 
2.524000 0.200386 
2.540000 0.173060 
2.556000 0.097061 
2.572000 0.146686 
2.588000 0.108623 
2.604000 0.105306 
2.620000 0.113361 
2.636000 0.106333 
2.652000 0.081330 
2.668000 0.080739 
2.684000 0.073372 
1.900000 0.079286 
1.916000 0.937366 
1.932000 0.932907 
1.948000 0.928983 
1.964000 0.926403 
1.980000 0.923574 
1.996000 0.915639 
2.012000 0.914328 
2.028000 0.904307 
2.044000 0.900398 
2.060000 0.897437 
2.076000 0.882176 
2.092000 0.879945 
2.108000 0.875677 
2.124000 0.860357 
2.140000 0.852287 
2.156000 0.850194 
2.172000 0.833442 
2.188000 0.812485 
2.204000 0.798952 
2.220000 0.801745 
2.236000 0.769976 
2.252000 0.751128 
2.268000 0.760783 
2.284000 0.610220 
2.300000 0.608095 
2.316000 0.458325 
2.332000 0.518616 
2.348000 0.375434 
2.364000 0.318113 
2.380000 0.275043 
2.396000 0.168650 
2.412000 0.190804 
2.428000 0.088836 
2.444000 0.151321 
2.460000 0.245880 
2.476000 0.160666 
2.492000 0.112951 
2.508000 0.091028 
2.524000 0.130643 
2.540000 0.150335 
2.556000 0.121443 
2.572000 0.085318 
2.588000 0.100138 
2.604000 0.112133 
2.620000 0.100884 
2.636000 0.070847 
2.652000 0.092588 
2.668000 0.095940 
2.684000 0.070260 
1.900000 0.055811 
1.916000 0.938454 
1.932000 0.931356 
1.948000 0.930336 
1.964000 0.926017 
1.980000 0.923182 
1.996000 0.916703 
2.012000 0.913111 
2.028000 0.906408 
2.044000 0.897691 
2.060000 0.893368 
2.076000 0.892238 
2.092000 0.881085 
2.108000 0.869009 
2.124000 0.850206 
2.140000 0.848166 
2.156000 0.821084 
2.172000 0.837469 
2.188000 0.836647 
2.204000 0.790542 
2.220000 0.803168 
2.236000 0.789380 
2.252000 0.725711 
2.268000 0.683380 
2.284000 0.445864 
2.300000 0.503891 
2.316000 0.603383 
2.332000 0.552444 
2.348000 0.619463 
2.364000 0.302233 
2.380000 0.361542 
2.396000 0.234770 
2.412000 0.173381 
2.428000 0.278157 
2.444000 0.177990 
2.460000 0.146465 
2.476000 0.240136 
2.492000 0.117084 
2.508000 0.115148 
2.524000 0.115676 
2.540000 0.103740 
2.556000 0.117596 
2.572000 0.108832 
2.588000 0.093138 
2.604000 0.117416 
2.620000 0.083557 
2.636000 0.109314 
2.652000 0.067354 
2.668000 0.085266 
2.684000 0.120041 
1.900000 0.073698 
1.916000 0.937949 
1.932000 0.934452 
1.948000 0.929101 
1.964000 0.927306 
1.980000 0.921073 
1.996000 0.916547 
2.012000 0.909979 
2.028000 0.907663 
2.044000 0.904629 
2.060000 0.891237 
2.076000 0.888129 
2.092000 0.878636 
2.108000 0.864719 
2.124000 0.863271 
2.140000 0.857447 
2.156000 0.849270 
2.172000 0.834563 
2.188000 0.805128 
2.204000 0.811370 
2.220000 0.774503 
2.236000 0.771126 
2.252000 0.722102 
2.268000 0.688484 
2.284000 0.704998 
2.300000 0.612314 
2.316000 0.705505 
2.332000 0.543446 
2.348000 0.231984 
2.364000 0.272653 
2.380000 0.133491 
2.396000 0.315039 
2.412000 0.165758 
2.428000 0.249827 
2.444000 0.212852 
2.460000 0.128687 
2.476000 0.100436 
2.492000 0.150337 
2.508000 0.128029 
2.524000 0.091590 
2.540000 0.145285 
2.556000 0.132534 
2.572000 0.089478 
2.588000 0.073207 
2.604000 0.086600 
2.620000 0.105831 
2.636000 0.071270 
2.652000 0.114231 
2.668000 0.090660 
2.684000 0.071998 
1.900000 0.096808 
1.916000 0.938820 
1.932000 0.933188 
1.948000 0.932290 
1.964000 0.926886 
1.980000 0.922414 
1.996000 0.917480 
2.012000 0.913354 
2.028000 0.904022 
2.044000 0.904245 
2.060000 0.885692 
2.076000 0.882814 
2.092000 0.878586 
2.108000 0.840773 
2.124000 0.867748 
2.140000 0.863241 
2.156000 0.845967 
2.172000 0.828240 
2.188000 0.817476 
2.204000 0.811970 
2.220000 0.782821 
2.236000 0.797446 
2.252000 0.632489 
2.268000 0.718638 
2.284000 0.608749 
2.300000 0.540666 
2.316000 0.581676 
2.332000 0.487070 
2.348000 0.300124 
2.364000 0.240028 
2.380000 0.182433 
2.396000 0.144631 
2.412000 0.130900 
2.428000 0.101984 
2.444000 0.258332 
2.460000 0.174416 
2.476000 0.115317 
2.492000 0.113129 
2.508000 0.125351 
2.524000 0.113462 
2.540000 0.092580 
2.556000 0.141796 
2.572000 0.109812 
2.588000 0.118382 
2.604000 0.109918 
2.620000 0.118306 
2.636000 0.087225 
2.652000 0.108801 
2.668000 0.084144 
2.684000 0.094989 
