0 -3824.000000 
1 -5764.000000 
2 -6942.000000 
3 -7856.000000 
4 -8444.000000 
5 -9058.000000 
6 -9582.000000 
7 -9978.000000 
8 -10302.000000 
9 -10570.000000 
10 -10758.000000 
11 -10914.000000 
12 -11198.000000 
13 -11352.000000 
14 -11416.000000 
15 -11434.000000 
16 -11672.000000 
17 -11814.000000 
18 -11886.000000 
19 -12090.000000 
20 -12200.000000 
21 -12284.000000 
22 -12354.000000 
23 -12360.000000 
24 -12450.000000 
25 -12558.000000 
26 -12690.000000 
27 -12714.000000 
28 -12774.000000 
29 -12856.000000 
30 -12898.000000 
31 -12838.000000 
32 -12930.000000 
33 -12974.000000 
34 -12974.000000 
35 -13028.000000 
36 -13060.000000 
37 -13090.000000 
38 -13096.000000 
39 -13202.000000 
40 -13324.000000 
41 -13312.000000 
42 -13298.000000 
43 -13324.000000 
44 -13406.000000 
45 -13406.000000 
46 -13362.000000 
47 -13530.000000 
48 -13552.000000 
49 -13552.000000 
50 -13492.000000 
51 -13578.000000 
52 -13626.000000 
53 -13628.000000 
54 -13704.000000 
55 -13762.000000 
56 -13786.000000 
57 -13826.000000 
58 -13818.000000 
59 -13788.000000 
60 -13776.000000 
61 -13804.000000 
62 -13808.000000 
63 -13830.000000 
64 -13916.000000 
65 -13860.000000 
66 -13796.000000 
67 -13804.000000 
68 -13892.000000 
69 -13874.000000 
70 -13954.000000 
71 -14036.000000 
72 -14058.000000 
73 -14024.000000 
74 -14132.000000 
75 -14170.000000 
76 -14160.000000 
77 -14254.000000 
78 -14292.000000 
79 -14244.000000 
80 -14236.000000 
81 -14244.000000 
82 -14210.000000 
83 -14180.000000 
84 -14184.000000 
85 -14118.000000 
86 -14136.000000 
87 -14106.000000 
88 -14094.000000 
89 -14094.000000 
90 -14134.000000 
91 -14154.000000 
92 -14230.000000 
93 -14328.000000 
94 -14390.000000 
95 -14394.000000 
96 -14416.000000 
97 -14440.000000 
98 -14424.000000 
99 -14528.000000 
