0.600000 -19979.880000 
0.644000 -19546.748000 
0.688000 -19979.496000 
0.732000 -19978.452000 
0.776000 -19977.368000 
0.820000 -19975.172000 
0.864000 -19496.340000 
0.908000 -19967.568000 
0.952000 -19961.820000 
0.996000 -19443.092000 
1.040000 -19424.868000 
1.084000 -19925.616000 
1.128000 -19375.576000 
1.172000 -19884.332000 
1.216000 -19291.780000 
1.260000 -19253.892000 
1.304000 -19210.616000 
1.348000 -19146.080000 
1.392000 -19672.296000 
1.436000 -19615.680000 
1.480000 -19529.348000 
1.524000 -19396.972000 
1.568000 -19328.112000 
1.612000 -19218.716000 
1.656000 -19104.992000 
1.700000 -18288.456000 
1.744000 -18114.072000 
1.788000 -18612.964000 
1.832000 -18419.152000 
1.876000 -18202.264000 
1.920000 -17978.376000 
1.964000 -17221.196000 
2.008000 -16706.032000 
2.052000 -17051.000000 
2.096000 -16621.460000 
2.140000 -15400.384000 
2.184000 -15682.772000 
2.228000 -14862.404000 
2.272000 -13809.664000 
2.316000 -13073.612000 
2.360000 -12563.376000 
2.404000 -12096.444000 
2.448000 -11443.004000 
2.492000 -11129.764000 
2.536000 -10694.620000 
2.580000 -10423.196000 
2.624000 -10088.568000 
2.668000 -9821.620000 
2.712000 -9539.476000 
2.756000 -9294.412000 
2.800000 -9065.900000 
2.844000 -8829.524000 
2.888000 -8625.620000 
2.932000 -8443.416000 
2.976000 -8246.164000 
3.020000 -8094.684000 
3.064000 -7909.724000 
3.108000 -7754.304000 
3.152000 -7608.852000 
3.196000 -7467.764000 
3.240000 -7307.032000 
3.284000 -7174.800000 
3.328000 -7043.928000 
3.372000 -6939.168000 
3.416000 -6811.840000 
3.460000 -6656.060000 
3.504000 -6568.404000 
3.548000 -6466.540000 
3.592000 -6383.296000 
3.636000 -6271.640000 
3.680000 -6171.200000 
3.724000 -6101.780000 
3.768000 -5996.624000 
3.812000 -5915.904000 
3.856000 -5826.100000 
3.900000 -5744.736000 
3.944000 -5667.352000 
3.988000 -5588.500000 
4.032000 -5496.936000 
4.076000 -5445.276000 
4.120000 -5363.748000 
4.164000 -5295.548000 
4.208000 -5233.972000 
4.252000 -5165.524000 
4.296000 -5112.744000 
4.340000 -5035.512000 
4.384000 -4989.872000 
4.428000 -4911.112000 
4.472000 -4872.592000 
4.516000 -4809.092000 
4.560000 -4746.564000 
4.604000 -4721.876000 
4.648000 -4639.984000 
4.692000 -4588.880000 
4.736000 -4559.604000 
4.780000 -4502.192000 
4.824000 -4457.060000 
4.868000 -4404.044000 
4.912000 -4381.532000 
4.956000 -4320.204000 
