1.500000 -0.986022 
1.507500 0.985686 
1.515000 -0.480735 
1.522500 0.147313 
1.530000 0.046317 
1.537500 0.983589 
1.545000 -0.983184 
1.552500 -0.204649 
1.560000 0.125424 
1.567500 -0.981531 
1.575000 0.158269 
1.582500 0.980526 
1.590000 0.979928 
1.597500 0.161709 
1.605000 -0.978464 
1.612500 -0.978038 
1.620000 -0.977306 
1.627500 -0.976879 
1.635000 -0.975955 
1.642500 0.975461 
1.650000 0.974193 
1.657500 -0.974212 
1.665000 0.973281 
1.672500 -0.972480 
1.680000 0.972079 
1.687500 -0.970696 
1.695000 -0.225718 
1.702500 0.049018 
1.710000 -0.968161 
1.717500 0.068326 
1.725000 -0.469551 
1.732500 -0.227040 
1.740000 0.964893 
1.747500 -0.964009 
1.755000 -0.963002 
1.762500 -0.961774 
1.770000 -0.961266 
1.777500 -0.228300 
1.785000 -0.958561 
1.792500 -0.957382 
1.800000 0.956329 
1.807500 -0.955258 
1.815000 -0.954553 
1.822500 -0.953047 
1.830000 -0.459924 
1.837500 -0.949989 
1.845000 -0.949125 
1.852500 -0.947493 
1.860000 0.946127 
1.867500 -0.944117 
1.875000 0.943528 
1.882500 0.376537 
1.890000 0.109149 
1.897500 -0.938363 
1.905000 -0.937047 
1.912500 0.934251 
1.920000 0.138530 
1.927500 0.254013 
1.935000 0.929286 
1.942500 0.308747 
1.950000 0.215629 
1.957500 0.924674 
1.965000 -0.922272 
1.972500 0.919671 
1.980000 -0.917537 
1.987500 -0.915695 
1.995000 -0.914345 
2.002500 -0.909769 
2.010000 0.909784 
2.017500 -0.902322 
2.025000 -0.900861 
2.032500 0.900893 
2.040000 0.115171 
2.047500 -0.894755 
2.055000 -0.892178 
2.062500 0.888561 
2.070000 0.882416 
2.077500 -0.880151 
2.085000 0.875305 
2.092500 0.874609 
2.100000 0.872977 
2.107500 -0.846881 
2.115000 0.862073 
2.122500 -0.849657 
2.130000 -0.852002 
2.137500 0.832185 
2.145000 0.834035 
2.152500 -0.828234 
2.160000 0.833478 
2.167500 -0.818621 
2.175000 0.789385 
2.182500 0.805826 
2.190000 -0.807599 
2.197500 -0.793969 
2.205000 -0.784084 
2.212500 0.758557 
2.220000 -0.607498 
2.227500 0.715315 
2.235000 -0.750182 
2.242500 0.689455 
2.250000 0.712352 
2.257500 -0.663864 
2.265000 -0.689151 
2.272500 0.652663 
2.280000 0.662881 
2.287500 0.571800 
2.295000 -0.263507 
2.302500 0.056907 
2.310000 0.440954 
2.317500 -0.196140 
2.325000 -0.301542 
2.332500 -0.058449 
2.340000 0.294045 
2.347500 -0.195484 
2.355000 0.100718 
2.362500 -0.041907 
2.370000 -0.139610 
2.377500 -0.104628 
2.385000 0.156461 
2.392500 0.018717 
2.400000 0.131295 
2.407500 0.003920 
2.415000 0.052714 
2.422500 -0.009944 
2.430000 -0.033560 
2.437500 -0.034024 
2.445000 0.022648 
2.452500 0.018562 
2.460000 -0.060362 
2.467500 0.044564 
2.475000 -0.021789 
2.482500 -0.000177 
2.490000 -0.060521 
2.497500 0.073775 
2.505000 0.011710 
2.512500 -0.047101 
2.520000 0.029532 
2.527500 -0.052726 
2.535000 0.018104 
2.542500 -0.006772 
2.550000 0.041705 
2.557500 -0.012357 
2.565000 -0.007069 
2.572500 -0.008576 
2.580000 0.031889 
2.587500 -0.009436 
2.595000 0.003006 
2.602500 -0.022239 
2.610000 0.022764 
2.617500 -0.049263 
2.625000 0.001278 
2.632500 -0.011994 
2.640000 0.008796 
2.647500 0.000885 
2.655000 -0.027516 
2.662500 0.006172 
2.670000 -0.029551 
2.677500 0.003827 
2.685000 0.015861 
2.692500 0.014755 
2.700000 -0.006795 
2.707500 0.000575 
2.715000 -0.002857 
2.722500 0.005781 
2.730000 -0.025742 
2.737500 -0.006070 
2.745000 0.005367 
2.752500 -0.006254 
2.760000 -0.016634 
2.767500 -0.014194 
2.775000 -0.010840 
2.782500 -0.001175 
2.790000 -0.007961 
2.797500 0.005840 
2.805000 -0.003319 
2.812500 0.013403 
2.820000 -0.018787 
2.827500 -0.003852 
2.835000 0.004438 
2.842500 -0.008272 
2.850000 0.000238 
2.857500 0.008342 
2.865000 -0.008658 
2.872500 0.010519 
2.880000 0.002413 
2.887500 -0.000950 
2.895000 0.003620 
2.902500 0.002130 
2.910000 -0.000354 
2.917500 -0.003570 
2.925000 0.000952 
2.932500 -0.000586 
2.940000 0.006479 
2.947500 0.009048 
2.955000 -0.007747 
2.962500 0.001799 
2.970000 0.001082 
2.977500 -0.000432 
2.985000 0.000704 
2.992500 -0.000812 
