0 -1452.000000 
1 -1300.000000 
2 -1424.000000 
3 -1348.000000 
4 -1352.000000 
5 -1360.000000 
6 -1288.000000 
7 -1248.000000 
8 -1244.000000 
9 -1196.000000 
10 -1200.000000 
11 -1196.000000 
12 -1276.000000 
13 -1440.000000 
14 -1316.000000 
15 -1356.000000 
16 -1276.000000 
17 -1212.000000 
18 -1276.000000 
19 -1364.000000 
20 -1368.000000 
21 -1344.000000 
22 -1336.000000 
23 -1284.000000 
24 -1352.000000 
25 -1484.000000 
26 -1520.000000 
27 -1488.000000 
28 -1528.000000 
29 -1504.000000 
30 -1468.000000 
31 -1488.000000 
32 -1408.000000 
33 -1396.000000 
34 -1404.000000 
35 -1276.000000 
36 -1320.000000 
37 -1280.000000 
38 -1264.000000 
39 -1232.000000 
40 -1244.000000 
41 -1264.000000 
42 -1260.000000 
43 -1328.000000 
44 -1288.000000 
45 -1244.000000 
46 -1308.000000 
47 -1304.000000 
48 -1220.000000 
49 -1308.000000 
50 -1272.000000 
51 -1276.000000 
52 -1192.000000 
53 -1200.000000 
54 -1284.000000 
55 -1276.000000 
56 -1300.000000 
57 -1360.000000 
58 -1320.000000 
59 -1368.000000 
60 -1248.000000 
61 -1260.000000 
62 -1276.000000 
63 -1328.000000 
64 -1300.000000 
65 -1236.000000 
66 -1256.000000 
67 -1212.000000 
68 -1296.000000 
69 -1272.000000 
70 -1384.000000 
71 -1488.000000 
72 -1396.000000 
73 -1336.000000 
74 -1312.000000 
75 -1296.000000 
76 -1260.000000 
77 -1372.000000 
78 -1316.000000 
79 -1312.000000 
80 -1236.000000 
81 -1376.000000 
82 -1276.000000 
83 -1224.000000 
84 -1316.000000 
85 -1360.000000 
86 -1336.000000 
87 -1296.000000 
88 -1320.000000 
89 -1228.000000 
90 -1164.000000 
91 -1132.000000 
92 -1108.000000 
93 -1180.000000 
94 -1296.000000 
95 -1264.000000 
96 -1260.000000 
97 -1292.000000 
98 -1380.000000 
99 -1332.000000 
100 -1276.000000 
101 -1312.000000 
102 -1388.000000 
103 -1372.000000 
104 -1392.000000 
105 -1388.000000 
106 -1396.000000 
107 -1436.000000 
108 -1364.000000 
109 -1400.000000 
110 -1384.000000 
111 -1344.000000 
112 -1356.000000 
113 -1312.000000 
114 -1352.000000 
115 -1376.000000 
116 -1300.000000 
117 -1252.000000 
118 -1304.000000 
119 -1328.000000 
120 -1308.000000 
121 -1336.000000 
122 -1344.000000 
123 -1336.000000 
124 -1324.000000 
125 -1332.000000 
126 -1428.000000 
127 -1364.000000 
128 -1420.000000 
129 -1384.000000 
130 -1316.000000 
131 -1324.000000 
132 -1280.000000 
133 -1244.000000 
134 -1264.000000 
135 -1308.000000 
136 -1240.000000 
137 -1236.000000 
138 -1356.000000 
139 -1364.000000 
140 -1360.000000 
141 -1292.000000 
142 -1320.000000 
143 -1276.000000 
144 -1224.000000 
145 -1240.000000 
146 -1212.000000 
147 -1264.000000 
148 -1236.000000 
149 -1260.000000 
150 -1252.000000 
151 -1312.000000 
152 -1308.000000 
153 -1376.000000 
154 -1368.000000 
155 -1316.000000 
156 -1356.000000 
157 -1392.000000 
158 -1348.000000 
159 -1248.000000 
160 -1268.000000 
161 -1308.000000 
162 -1308.000000 
163 -1280.000000 
164 -1324.000000 
165 -1356.000000 
166 -1340.000000 
167 -1328.000000 
168 -1396.000000 
169 -1376.000000 
170 -1312.000000 
171 -1240.000000 
172 -1228.000000 
173 -1180.000000 
174 -1192.000000 
175 -1196.000000 
176 -1248.000000 
177 -1272.000000 
178 -1320.000000 
179 -1376.000000 
180 -1344.000000 
181 -1336.000000 
182 -1340.000000 
183 -1336.000000 
184 -1352.000000 
185 -1384.000000 
186 -1380.000000 
187 -1396.000000 
188 -1384.000000 
189 -1392.000000 
190 -1444.000000 
191 -1332.000000 
192 -1352.000000 
193 -1468.000000 
194 -1360.000000 
195 -1372.000000 
196 -1424.000000 
197 -1424.000000 
198 -1324.000000 
199 -1264.000000 
200 -1224.000000 
201 -1308.000000 
202 -1248.000000 
203 -1232.000000 
204 -1296.000000 
205 -1256.000000 
206 -1244.000000 
207 -1288.000000 
208 -1252.000000 
209 -1200.000000 
210 -1224.000000 
211 -1188.000000 
212 -1252.000000 
213 -1208.000000 
214 -1140.000000 
215 -1172.000000 
216 -1220.000000 
217 -1296.000000 
218 -1276.000000 
219 -1272.000000 
220 -1204.000000 
221 -1236.000000 
222 -1292.000000 
223 -1180.000000 
224 -1236.000000 
225 -1148.000000 
226 -1220.000000 
227 -1252.000000 
228 -1216.000000 
229 -1268.000000 
230 -1236.000000 
231 -1212.000000 
232 -1212.000000 
233 -1276.000000 
234 -1360.000000 
235 -1336.000000 
236 -1336.000000 
237 -1344.000000 
238 -1328.000000 
239 -1284.000000 
240 -1220.000000 
241 -1208.000000 
242 -1280.000000 
243 -1324.000000 
244 -1312.000000 
245 -1360.000000 
246 -1252.000000 
247 -1256.000000 
248 -1260.000000 
249 -1284.000000 
250 -1304.000000 
251 -1264.000000 
252 -1368.000000 
253 -1344.000000 
254 -1400.000000 
255 -1448.000000 
256 -1444.000000 
257 -1432.000000 
258 -1408.000000 
259 -1356.000000 
260 -1332.000000 
261 -1416.000000 
262 -1412.000000 
263 -1452.000000 
264 -1488.000000 
265 -1388.000000 
266 -1308.000000 
267 -1396.000000 
268 -1420.000000 
269 -1300.000000 
270 -1252.000000 
271 -1352.000000 
272 -1384.000000 
273 -1308.000000 
274 -1328.000000 
275 -1336.000000 
276 -1288.000000 
277 -1380.000000 
278 -1404.000000 
279 -1332.000000 
280 -1244.000000 
281 -1404.000000 
282 -1400.000000 
283 -1228.000000 
284 -1200.000000 
285 -1256.000000 
286 -1372.000000 
287 -1316.000000 
288 -1364.000000 
289 -1380.000000 
290 -1296.000000 
291 -1268.000000 
292 -1288.000000 
293 -1264.000000 
294 -1296.000000 
295 -1324.000000 
296 -1312.000000 
297 -1300.000000 
298 -1396.000000 
299 -1284.000000 
300 -1292.000000 
301 -1284.000000 
302 -1308.000000 
303 -1284.000000 
304 -1360.000000 
305 -1420.000000 
306 -1496.000000 
307 -1380.000000 
308 -1384.000000 
309 -1336.000000 
310 -1264.000000 
311 -1256.000000 
312 -1284.000000 
313 -1260.000000 
314 -1308.000000 
315 -1432.000000 
316 -1408.000000 
317 -1396.000000 
318 -1392.000000 
319 -1384.000000 
320 -1432.000000 
321 -1360.000000 
322 -1288.000000 
323 -1260.000000 
324 -1216.000000 
325 -1192.000000 
326 -1140.000000 
327 -1236.000000 
328 -1276.000000 
329 -1260.000000 
330 -1300.000000 
331 -1300.000000 
332 -1332.000000 
333 -1272.000000 
334 -1468.000000 
335 -1464.000000 
336 -1400.000000 
337 -1432.000000 
338 -1264.000000 
339 -1300.000000 
340 -1240.000000 
341 -1272.000000 
342 -1236.000000 
343 -1276.000000 
344 -1196.000000 
345 -1208.000000 
346 -1308.000000 
347 -1236.000000 
348 -1220.000000 
349 -1312.000000 
350 -1304.000000 
351 -1228.000000 
352 -1312.000000 
353 -1328.000000 
354 -1336.000000 
355 -1348.000000 
356 -1360.000000 
357 -1316.000000 
358 -1276.000000 
359 -1368.000000 
360 -1364.000000 
361 -1336.000000 
362 -1244.000000 
363 -1300.000000 
364 -1332.000000 
365 -1220.000000 
366 -1280.000000 
367 -1352.000000 
368 -1336.000000 
369 -1340.000000 
370 -1308.000000 
371 -1336.000000 
372 -1372.000000 
373 -1332.000000 
374 -1312.000000 
375 -1316.000000 
376 -1324.000000 
377 -1304.000000 
378 -1292.000000 
379 -1444.000000 
380 -1416.000000 
381 -1412.000000 
382 -1356.000000 
383 -1364.000000 
384 -1328.000000 
385 -1340.000000 
386 -1392.000000 
387 -1336.000000 
388 -1396.000000 
389 -1456.000000 
390 -1548.000000 
391 -1548.000000 
392 -1496.000000 
393 -1492.000000 
394 -1488.000000 
395 -1408.000000 
396 -1316.000000 
397 -1320.000000 
398 -1296.000000 
399 -1372.000000 
400 -1292.000000 
401 -1232.000000 
402 -1248.000000 
403 -1232.000000 
404 -1228.000000 
405 -1272.000000 
406 -1232.000000 
407 -1192.000000 
408 -1212.000000 
409 -1204.000000 
410 -1176.000000 
411 -1204.000000 
412 -1356.000000 
413 -1404.000000 
414 -1424.000000 
415 -1464.000000 
416 -1420.000000 
417 -1352.000000 
418 -1304.000000 
419 -1228.000000 
420 -1312.000000 
421 -1324.000000 
422 -1292.000000 
423 -1248.000000 
424 -1284.000000 
425 -1300.000000 
426 -1292.000000 
427 -1376.000000 
428 -1324.000000 
429 -1300.000000 
430 -1308.000000 
431 -1344.000000 
432 -1304.000000 
433 -1324.000000 
434 -1364.000000 
435 -1400.000000 
436 -1432.000000 
437 -1412.000000 
438 -1400.000000 
439 -1436.000000 
440 -1428.000000 
441 -1480.000000 
442 -1488.000000 
443 -1372.000000 
444 -1448.000000 
445 -1436.000000 
446 -1460.000000 
447 -1424.000000 
448 -1460.000000 
449 -1400.000000 
450 -1396.000000 
451 -1384.000000 
452 -1492.000000 
453 -1392.000000 
454 -1356.000000 
455 -1384.000000 
456 -1356.000000 
457 -1408.000000 
458 -1324.000000 
459 -1320.000000 
460 -1308.000000 
461 -1232.000000 
462 -1288.000000 
463 -1392.000000 
464 -1392.000000 
465 -1340.000000 
466 -1320.000000 
467 -1308.000000 
468 -1232.000000 
469 -1300.000000 
470 -1376.000000 
471 -1348.000000 
472 -1328.000000 
473 -1292.000000 
474 -1268.000000 
475 -1220.000000 
476 -1264.000000 
477 -1236.000000 
478 -1304.000000 
479 -1272.000000 
480 -1300.000000 
481 -1288.000000 
482 -1280.000000 
483 -1328.000000 
484 -1376.000000 
485 -1316.000000 
486 -1284.000000 
487 -1292.000000 
488 -1300.000000 
489 -1292.000000 
490 -1268.000000 
491 -1200.000000 
492 -1236.000000 
493 -1252.000000 
494 -1252.000000 
495 -1288.000000 
496 -1412.000000 
497 -1380.000000 
498 -1412.000000 
499 -1336.000000 
500 -1344.000000 
501 -1304.000000 
502 -1380.000000 
503 -1312.000000 
504 -1348.000000 
505 -1292.000000 
506 -1372.000000 
507 -1368.000000 
508 -1344.000000 
509 -1336.000000 
510 -1420.000000 
511 -1416.000000 
512 -1380.000000 
513 -1396.000000 
514 -1320.000000 
515 -1320.000000 
516 -1228.000000 
517 -1176.000000 
518 -1196.000000 
519 -1316.000000 
520 -1268.000000 
521 -1372.000000 
522 -1348.000000 
523 -1288.000000 
524 -1260.000000 
525 -1276.000000 
526 -1296.000000 
527 -1288.000000 
528 -1324.000000 
529 -1376.000000 
530 -1296.000000 
531 -1264.000000 
532 -1288.000000 
533 -1236.000000 
534 -1252.000000 
535 -1256.000000 
536 -1352.000000 
537 -1376.000000 
538 -1368.000000 
539 -1284.000000 
540 -1336.000000 
541 -1332.000000 
542 -1312.000000 
543 -1316.000000 
544 -1392.000000 
545 -1364.000000 
546 -1420.000000 
547 -1420.000000 
548 -1380.000000 
549 -1416.000000 
550 -1364.000000 
551 -1412.000000 
552 -1344.000000 
553 -1368.000000 
554 -1396.000000 
555 -1416.000000 
556 -1424.000000 
557 -1392.000000 
558 -1408.000000 
559 -1516.000000 
560 -1408.000000 
561 -1332.000000 
562 -1392.000000 
563 -1340.000000 
564 -1348.000000 
565 -1304.000000 
566 -1312.000000 
567 -1324.000000 
568 -1368.000000 
569 -1324.000000 
570 -1340.000000 
571 -1468.000000 
572 -1372.000000 
573 -1412.000000 
574 -1524.000000 
575 -1560.000000 
576 -1524.000000 
577 -1512.000000 
578 -1436.000000 
579 -1424.000000 
580 -1424.000000 
581 -1516.000000 
582 -1484.000000 
583 -1468.000000 
584 -1508.000000 
585 -1424.000000 
586 -1316.000000 
587 -1256.000000 
588 -1352.000000 
589 -1404.000000 
590 -1328.000000 
591 -1316.000000 
592 -1292.000000 
593 -1292.000000 
594 -1316.000000 
595 -1352.000000 
596 -1356.000000 
597 -1344.000000 
598 -1408.000000 
599 -1348.000000 
600 -1384.000000 
601 -1376.000000 
602 -1388.000000 
603 -1464.000000 
604 -1376.000000 
605 -1320.000000 
606 -1348.000000 
607 -1356.000000 
608 -1296.000000 
609 -1268.000000 
610 -1260.000000 
611 -1300.000000 
612 -1392.000000 
613 -1356.000000 
614 -1372.000000 
615 -1340.000000 
616 -1328.000000 
617 -1332.000000 
618 -1424.000000 
619 -1344.000000 
620 -1468.000000 
621 -1400.000000 
622 -1328.000000 
623 -1236.000000 
624 -1248.000000 
625 -1316.000000 
626 -1312.000000 
627 -1272.000000 
628 -1288.000000 
629 -1240.000000 
630 -1268.000000 
631 -1316.000000 
632 -1172.000000 
633 -1100.000000 
634 -1176.000000 
635 -1196.000000 
636 -1280.000000 
637 -1212.000000 
638 -1200.000000 
639 -1260.000000 
640 -1228.000000 
641 -1240.000000 
642 -1232.000000 
643 -1256.000000 
644 -1232.000000 
645 -1324.000000 
646 -1320.000000 
647 -1276.000000 
648 -1224.000000 
649 -1292.000000 
650 -1256.000000 
651 -1216.000000 
652 -1192.000000 
653 -1240.000000 
654 -1196.000000 
655 -1276.000000 
656 -1304.000000 
657 -1328.000000 
658 -1204.000000 
659 -1264.000000 
660 -1288.000000 
661 -1252.000000 
662 -1224.000000 
663 -1232.000000 
664 -1232.000000 
665 -1196.000000 
666 -1208.000000 
667 -1264.000000 
668 -1288.000000 
669 -1396.000000 
670 -1344.000000 
671 -1364.000000 
672 -1284.000000 
673 -1272.000000 
674 -1204.000000 
675 -1160.000000 
676 -1316.000000 
677 -1388.000000 
678 -1356.000000 
679 -1292.000000 
680 -1292.000000 
681 -1324.000000 
682 -1304.000000 
683 -1288.000000 
684 -1324.000000 
685 -1376.000000 
686 -1356.000000 
687 -1288.000000 
688 -1336.000000 
689 -1368.000000 
690 -1408.000000 
691 -1396.000000 
692 -1316.000000 
693 -1388.000000 
694 -1364.000000 
695 -1380.000000 
696 -1372.000000 
697 -1340.000000 
698 -1364.000000 
699 -1316.000000 
700 -1328.000000 
701 -1276.000000 
702 -1328.000000 
703 -1388.000000 
704 -1404.000000 
705 -1392.000000 
706 -1424.000000 
707 -1376.000000 
708 -1404.000000 
709 -1428.000000 
710 -1352.000000 
711 -1352.000000 
712 -1300.000000 
713 -1364.000000 
714 -1368.000000 
715 -1288.000000 
716 -1272.000000 
717 -1240.000000 
718 -1348.000000 
719 -1320.000000 
720 -1312.000000 
721 -1320.000000 
722 -1360.000000 
723 -1300.000000 
724 -1416.000000 
725 -1388.000000 
726 -1376.000000 
727 -1320.000000 
728 -1272.000000 
729 -1236.000000 
730 -1240.000000 
731 -1268.000000 
732 -1352.000000 
733 -1284.000000 
734 -1316.000000 
735 -1328.000000 
736 -1376.000000 
737 -1496.000000 
738 -1420.000000 
739 -1476.000000 
740 -1388.000000 
741 -1428.000000 
742 -1364.000000 
743 -1328.000000 
744 -1352.000000 
745 -1348.000000 
746 -1304.000000 
747 -1296.000000 
748 -1384.000000 
749 -1364.000000 
750 -1284.000000 
751 -1224.000000 
752 -1332.000000 
753 -1380.000000 
754 -1416.000000 
755 -1384.000000 
756 -1388.000000 
757 -1340.000000 
758 -1344.000000 
759 -1376.000000 
760 -1304.000000 
761 -1280.000000 
762 -1384.000000 
763 -1332.000000 
764 -1340.000000 
765 -1316.000000 
766 -1244.000000 
767 -1304.000000 
768 -1348.000000 
769 -1304.000000 
770 -1340.000000 
771 -1308.000000 
772 -1332.000000 
773 -1364.000000 
774 -1520.000000 
775 -1428.000000 
776 -1448.000000 
777 -1496.000000 
778 -1436.000000 
779 -1404.000000 
780 -1488.000000 
781 -1444.000000 
782 -1540.000000 
783 -1368.000000 
784 -1332.000000 
785 -1308.000000 
786 -1416.000000 
787 -1312.000000 
788 -1376.000000 
789 -1284.000000 
790 -1184.000000 
791 -1208.000000 
792 -1212.000000 
793 -1228.000000 
794 -1296.000000 
795 -1360.000000 
796 -1408.000000 
797 -1384.000000 
798 -1332.000000 
799 -1376.000000 
800 -1404.000000 
801 -1308.000000 
802 -1300.000000 
803 -1196.000000 
804 -1216.000000 
805 -1216.000000 
806 -1176.000000 
807 -1180.000000 
808 -1156.000000 
809 -1144.000000 
810 -1216.000000 
811 -1248.000000 
812 -1180.000000 
813 -1384.000000 
814 -1352.000000 
815 -1380.000000 
816 -1312.000000 
817 -1264.000000 
818 -1456.000000 
819 -1416.000000 
820 -1376.000000 
821 -1424.000000 
822 -1432.000000 
823 -1504.000000 
824 -1408.000000 
825 -1488.000000 
826 -1424.000000 
827 -1368.000000 
828 -1340.000000 
829 -1328.000000 
830 -1408.000000 
831 -1464.000000 
832 -1428.000000 
833 -1460.000000 
834 -1468.000000 
835 -1444.000000 
836 -1408.000000 
837 -1380.000000 
838 -1368.000000 
839 -1400.000000 
840 -1392.000000 
841 -1376.000000 
842 -1388.000000 
843 -1272.000000 
844 -1212.000000 
845 -1252.000000 
846 -1284.000000 
847 -1264.000000 
848 -1284.000000 
849 -1316.000000 
850 -1384.000000 
851 -1316.000000 
852 -1228.000000 
853 -1248.000000 
854 -1248.000000 
855 -1320.000000 
856 -1376.000000 
857 -1396.000000 
858 -1356.000000 
859 -1356.000000 
860 -1376.000000 
861 -1420.000000 
862 -1356.000000 
863 -1388.000000 
864 -1384.000000 
865 -1384.000000 
866 -1420.000000 
867 -1400.000000 
868 -1300.000000 
869 -1376.000000 
870 -1368.000000 
871 -1372.000000 
872 -1424.000000 
873 -1336.000000 
874 -1332.000000 
875 -1284.000000 
876 -1368.000000 
877 -1376.000000 
878 -1412.000000 
879 -1308.000000 
880 -1328.000000 
881 -1340.000000 
882 -1304.000000 
883 -1348.000000 
884 -1320.000000 
885 -1316.000000 
886 -1304.000000 
887 -1456.000000 
888 -1316.000000 
889 -1340.000000 
890 -1372.000000 
891 -1312.000000 
892 -1276.000000 
893 -1316.000000 
894 -1428.000000 
895 -1420.000000 
896 -1428.000000 
897 -1316.000000 
898 -1260.000000 
899 -1260.000000 
900 -1228.000000 
901 -1260.000000 
902 -1336.000000 
903 -1364.000000 
904 -1344.000000 
905 -1316.000000 
906 -1352.000000 
907 -1284.000000 
908 -1288.000000 
909 -1256.000000 
910 -1228.000000 
911 -1272.000000 
912 -1324.000000 
913 -1316.000000 
914 -1408.000000 
915 -1412.000000 
916 -1392.000000 
917 -1412.000000 
918 -1376.000000 
919 -1372.000000 
920 -1336.000000 
921 -1372.000000 
922 -1412.000000 
923 -1352.000000 
924 -1304.000000 
925 -1272.000000 
926 -1288.000000 
927 -1248.000000 
928 -1200.000000 
929 -1184.000000 
930 -1204.000000 
931 -1216.000000 
932 -1252.000000 
933 -1304.000000 
934 -1340.000000 
935 -1312.000000 
936 -1424.000000 
937 -1296.000000 
938 -1332.000000 
939 -1388.000000 
940 -1448.000000 
941 -1464.000000 
942 -1364.000000 
943 -1420.000000 
944 -1392.000000 
945 -1408.000000 
946 -1360.000000 
947 -1400.000000 
948 -1276.000000 
949 -1324.000000 
950 -1296.000000 
951 -1372.000000 
952 -1368.000000 
953 -1332.000000 
954 -1316.000000 
955 -1288.000000 
956 -1328.000000 
957 -1388.000000 
958 -1428.000000 
959 -1452.000000 
960 -1400.000000 
961 -1312.000000 
962 -1304.000000 
963 -1324.000000 
964 -1336.000000 
965 -1324.000000 
966 -1244.000000 
967 -1292.000000 
968 -1364.000000 
969 -1428.000000 
970 -1420.000000 
971 -1316.000000 
972 -1300.000000 
973 -1272.000000 
974 -1300.000000 
975 -1288.000000 
976 -1216.000000 
977 -1196.000000 
978 -1164.000000 
979 -1208.000000 
980 -1208.000000 
981 -1312.000000 
982 -1392.000000 
983 -1424.000000 
984 -1340.000000 
985 -1304.000000 
986 -1296.000000 
987 -1316.000000 
988 -1256.000000 
989 -1252.000000 
990 -1308.000000 
991 -1404.000000 
992 -1412.000000 
993 -1452.000000 
994 -1356.000000 
995 -1344.000000 
996 -1260.000000 
997 -1196.000000 
998 -1196.000000 
999 -1144.000000 
1000 -1144.000000 
1001 -1228.000000 
1002 -1232.000000 
1003 -1240.000000 
1004 -1324.000000 
1005 -1268.000000 
1006 -1340.000000 
1007 -1336.000000 
1008 -1244.000000 
1009 -1236.000000 
1010 -1276.000000 
1011 -1316.000000 
1012 -1280.000000 
1013 -1280.000000 
1014 -1340.000000 
1015 -1328.000000 
1016 -1380.000000 
1017 -1304.000000 
1018 -1332.000000 
1019 -1340.000000 
1020 -1400.000000 
1021 -1364.000000 
1022 -1372.000000 
1023 -1412.000000 
1024 -1384.000000 
1025 -1260.000000 
1026 -1248.000000 
1027 -1256.000000 
1028 -1208.000000 
1029 -1176.000000 
1030 -1192.000000 
1031 -1224.000000 
1032 -1292.000000 
1033 -1296.000000 
1034 -1388.000000 
1035 -1332.000000 
1036 -1348.000000 
1037 -1392.000000 
1038 -1380.000000 
1039 -1332.000000 
1040 -1356.000000 
1041 -1408.000000 
1042 -1352.000000 
1043 -1380.000000 
1044 -1444.000000 
1045 -1456.000000 
1046 -1528.000000 
1047 -1504.000000 
1048 -1472.000000 
1049 -1428.000000 
1050 -1420.000000 
1051 -1472.000000 
1052 -1452.000000 
1053 -1416.000000 
1054 -1352.000000 
1055 -1276.000000 
1056 -1384.000000 
1057 -1472.000000 
1058 -1344.000000 
1059 -1244.000000 
1060 -1288.000000 
1061 -1244.000000 
1062 -1300.000000 
1063 -1236.000000 
1064 -1248.000000 
1065 -1368.000000 
1066 -1288.000000 
1067 -1388.000000 
1068 -1244.000000 
1069 -1236.000000 
1070 -1248.000000 
1071 -1252.000000 
1072 -1320.000000 
1073 -1372.000000 
1074 -1348.000000 
1075 -1412.000000 
1076 -1252.000000 
1077 -1300.000000 
1078 -1288.000000 
1079 -1388.000000 
1080 -1440.000000 
1081 -1460.000000 
1082 -1408.000000 
1083 -1300.000000 
1084 -1264.000000 
1085 -1148.000000 
1086 -1268.000000 
1087 -1312.000000 
1088 -1320.000000 
1089 -1260.000000 
1090 -1332.000000 
1091 -1332.000000 
1092 -1308.000000 
1093 -1312.000000 
1094 -1360.000000 
1095 -1388.000000 
1096 -1400.000000 
1097 -1376.000000 
1098 -1420.000000 
1099 -1388.000000 
1100 -1312.000000 
1101 -1352.000000 
1102 -1448.000000 
1103 -1396.000000 
1104 -1300.000000 
1105 -1336.000000 
1106 -1320.000000 
1107 -1324.000000 
1108 -1244.000000 
1109 -1288.000000 
1110 -1332.000000 
1111 -1424.000000 
1112 -1340.000000 
1113 -1320.000000 
1114 -1320.000000 
1115 -1400.000000 
1116 -1340.000000 
1117 -1368.000000 
1118 -1388.000000 
1119 -1436.000000 
1120 -1384.000000 
1121 -1324.000000 
1122 -1348.000000 
1123 -1268.000000 
1124 -1272.000000 
1125 -1272.000000 
1126 -1368.000000 
1127 -1292.000000 
1128 -1284.000000 
1129 -1372.000000 
1130 -1356.000000 
1131 -1336.000000 
1132 -1344.000000 
1133 -1296.000000 
1134 -1260.000000 
1135 -1208.000000 
1136 -1216.000000 
1137 -1188.000000 
1138 -1216.000000 
1139 -1192.000000 
1140 -1352.000000 
1141 -1316.000000 
1142 -1304.000000 
1143 -1220.000000 
1144 -1188.000000 
1145 -1164.000000 
1146 -1220.000000 
1147 -1232.000000 
1148 -1288.000000 
1149 -1308.000000 
1150 -1320.000000 
1151 -1304.000000 
1152 -1292.000000 
1153 -1268.000000 
1154 -1292.000000 
1155 -1276.000000 
1156 -1316.000000 
1157 -1296.000000 
1158 -1400.000000 
1159 -1384.000000 
1160 -1440.000000 
1161 -1416.000000 
1162 -1376.000000 
1163 -1332.000000 
1164 -1380.000000 
1165 -1376.000000 
1166 -1384.000000 
1167 -1380.000000 
1168 -1308.000000 
1169 -1312.000000 
1170 -1360.000000 
1171 -1344.000000 
1172 -1296.000000 
1173 -1288.000000 
1174 -1344.000000 
1175 -1360.000000 
1176 -1356.000000 
1177 -1416.000000 
1178 -1384.000000 
1179 -1300.000000 
1180 -1364.000000 
1181 -1320.000000 
1182 -1280.000000 
1183 -1288.000000 
1184 -1156.000000 
1185 -1244.000000 
1186 -1244.000000 
1187 -1292.000000 
1188 -1248.000000 
1189 -1308.000000 
1190 -1420.000000 
1191 -1456.000000 
1192 -1524.000000 
1193 -1444.000000 
1194 -1448.000000 
1195 -1460.000000 
1196 -1440.000000 
1197 -1328.000000 
1198 -1336.000000 
1199 -1348.000000 
1200 -1344.000000 
1201 -1296.000000 
1202 -1248.000000 
1203 -1340.000000 
1204 -1300.000000 
1205 -1328.000000 
1206 -1264.000000 
1207 -1268.000000 
1208 -1304.000000 
1209 -1320.000000 
1210 -1220.000000 
1211 -1196.000000 
1212 -1208.000000 
1213 -1168.000000 
1214 -1216.000000 
1215 -1284.000000 
1216 -1252.000000 
1217 -1316.000000 
1218 -1400.000000 
1219 -1312.000000 
1220 -1380.000000 
1221 -1356.000000 
1222 -1264.000000 
1223 -1324.000000 
1224 -1324.000000 
1225 -1296.000000 
1226 -1300.000000 
1227 -1340.000000 
1228 -1408.000000 
1229 -1368.000000 
1230 -1512.000000 
1231 -1392.000000 
1232 -1484.000000 
1233 -1484.000000 
1234 -1428.000000 
1235 -1380.000000 
1236 -1380.000000 
1237 -1416.000000 
1238 -1428.000000 
1239 -1316.000000 
1240 -1224.000000 
1241 -1260.000000 
1242 -1300.000000 
1243 -1264.000000 
1244 -1288.000000 
1245 -1264.000000 
1246 -1276.000000 
1247 -1336.000000 
1248 -1292.000000 
1249 -1272.000000 
1250 -1236.000000 
1251 -1260.000000 
1252 -1340.000000 
1253 -1400.000000 
1254 -1348.000000 
1255 -1272.000000 
1256 -1272.000000 
1257 -1304.000000 
1258 -1316.000000 
1259 -1324.000000 
1260 -1360.000000 
1261 -1336.000000 
1262 -1384.000000 
1263 -1428.000000 
1264 -1308.000000 
1265 -1340.000000 
1266 -1368.000000 
1267 -1388.000000 
1268 -1360.000000 
1269 -1360.000000 
1270 -1316.000000 
1271 -1340.000000 
1272 -1332.000000 
1273 -1396.000000 
1274 -1308.000000 
1275 -1376.000000 
1276 -1312.000000 
1277 -1312.000000 
1278 -1316.000000 
1279 -1324.000000 
1280 -1376.000000 
1281 -1288.000000 
1282 -1228.000000 
1283 -1320.000000 
1284 -1316.000000 
1285 -1312.000000 
1286 -1356.000000 
1287 -1356.000000 
1288 -1312.000000 
1289 -1232.000000 
1290 -1264.000000 
1291 -1176.000000 
1292 -1224.000000 
1293 -1180.000000 
1294 -1340.000000 
1295 -1444.000000 
1296 -1432.000000 
1297 -1548.000000 
1298 -1384.000000 
1299 -1492.000000 
1300 -1516.000000 
1301 -1448.000000 
1302 -1384.000000 
1303 -1344.000000 
1304 -1360.000000 
1305 -1400.000000 
1306 -1364.000000 
1307 -1424.000000 
1308 -1372.000000 
1309 -1456.000000 
1310 -1400.000000 
1311 -1392.000000 
1312 -1452.000000 
1313 -1328.000000 
1314 -1448.000000 
1315 -1412.000000 
1316 -1412.000000 
1317 -1492.000000 
1318 -1240.000000 
1319 -1316.000000 
1320 -1352.000000 
1321 -1276.000000 
1322 -1348.000000 
1323 -1324.000000 
1324 -1448.000000 
1325 -1332.000000 
1326 -1304.000000 
1327 -1432.000000 
1328 -1472.000000 
1329 -1480.000000 
1330 -1384.000000 
1331 -1332.000000 
1332 -1312.000000 
1333 -1268.000000 
1334 -1272.000000 
1335 -1308.000000 
1336 -1332.000000 
1337 -1344.000000 
1338 -1296.000000 
1339 -1300.000000 
1340 -1184.000000 
1341 -1196.000000 
1342 -1256.000000 
1343 -1260.000000 
1344 -1292.000000 
1345 -1324.000000 
1346 -1396.000000 
1347 -1248.000000 
1348 -1328.000000 
1349 -1316.000000 
1350 -1400.000000 
1351 -1416.000000 
1352 -1384.000000 
1353 -1396.000000 
1354 -1340.000000 
1355 -1284.000000 
1356 -1320.000000 
1357 -1280.000000 
1358 -1292.000000 
1359 -1348.000000 
1360 -1372.000000 
1361 -1288.000000 
1362 -1336.000000 
1363 -1300.000000 
1364 -1292.000000 
1365 -1384.000000 
1366 -1332.000000 
1367 -1384.000000 
1368 -1496.000000 
1369 -1492.000000 
1370 -1392.000000 
1371 -1396.000000 
1372 -1376.000000 
1373 -1416.000000 
1374 -1420.000000 
1375 -1448.000000 
1376 -1396.000000 
1377 -1408.000000 
1378 -1384.000000 
1379 -1404.000000 
1380 -1392.000000 
1381 -1392.000000 
1382 -1368.000000 
1383 -1352.000000 
1384 -1336.000000 
1385 -1276.000000 
1386 -1332.000000 
1387 -1228.000000 
1388 -1288.000000 
1389 -1364.000000 
1390 -1332.000000 
1391 -1288.000000 
1392 -1196.000000 
1393 -1268.000000 
1394 -1188.000000 
1395 -1304.000000 
1396 -1288.000000 
1397 -1296.000000 
1398 -1412.000000 
1399 -1456.000000 
1400 -1380.000000 
1401 -1448.000000 
1402 -1488.000000 
1403 -1428.000000 
1404 -1336.000000 
1405 -1356.000000 
1406 -1344.000000 
1407 -1320.000000 
1408 -1356.000000 
1409 -1392.000000 
1410 -1388.000000 
1411 -1476.000000 
1412 -1460.000000 
1413 -1448.000000 
1414 -1384.000000 
1415 -1348.000000 
1416 -1404.000000 
1417 -1412.000000 
1418 -1356.000000 
1419 -1396.000000 
1420 -1396.000000 
1421 -1440.000000 
1422 -1408.000000 
1423 -1376.000000 
1424 -1308.000000 
1425 -1232.000000 
1426 -1236.000000 
1427 -1292.000000 
1428 -1280.000000 
1429 -1256.000000 
1430 -1300.000000 
1431 -1280.000000 
1432 -1208.000000 
1433 -1316.000000 
1434 -1348.000000 
1435 -1360.000000 
1436 -1356.000000 
1437 -1308.000000 
1438 -1328.000000 
1439 -1340.000000 
1440 -1404.000000 
1441 -1408.000000 
1442 -1396.000000 
1443 -1368.000000 
1444 -1276.000000 
1445 -1348.000000 
1446 -1368.000000 
1447 -1348.000000 
1448 -1384.000000 
1449 -1444.000000 
1450 -1448.000000 
1451 -1408.000000 
1452 -1444.000000 
1453 -1384.000000 
1454 -1412.000000 
1455 -1388.000000 
1456 -1340.000000 
1457 -1364.000000 
1458 -1288.000000 
1459 -1328.000000 
1460 -1360.000000 
1461 -1388.000000 
1462 -1316.000000 
1463 -1396.000000 
1464 -1428.000000 
1465 -1388.000000 
1466 -1320.000000 
1467 -1244.000000 
1468 -1280.000000 
1469 -1184.000000 
1470 -1244.000000 
1471 -1220.000000 
1472 -1308.000000 
1473 -1248.000000 
1474 -1352.000000 
1475 -1280.000000 
1476 -1264.000000 
1477 -1336.000000 
1478 -1348.000000 
1479 -1380.000000 
1480 -1336.000000 
1481 -1300.000000 
1482 -1224.000000 
1483 -1208.000000 
1484 -1144.000000 
1485 -1160.000000 
1486 -1220.000000 
1487 -1240.000000 
1488 -1188.000000 
1489 -1188.000000 
1490 -1196.000000 
1491 -1188.000000 
1492 -1216.000000 
1493 -1312.000000 
1494 -1176.000000 
1495 -1348.000000 
1496 -1348.000000 
1497 -1348.000000 
1498 -1280.000000 
1499 -1296.000000 
1500 -1272.000000 
1501 -1240.000000 
1502 -1196.000000 
1503 -1216.000000 
1504 -1260.000000 
1505 -1304.000000 
1506 -1268.000000 
1507 -1272.000000 
1508 -1348.000000 
1509 -1336.000000 
1510 -1344.000000 
1511 -1364.000000 
1512 -1400.000000 
1513 -1400.000000 
1514 -1356.000000 
1515 -1384.000000 
1516 -1416.000000 
1517 -1472.000000 
1518 -1500.000000 
1519 -1512.000000 
1520 -1488.000000 
1521 -1380.000000 
1522 -1368.000000 
1523 -1432.000000 
1524 -1432.000000 
1525 -1420.000000 
1526 -1360.000000 
1527 -1316.000000 
1528 -1368.000000 
1529 -1412.000000 
1530 -1376.000000 
1531 -1416.000000 
1532 -1432.000000 
1533 -1512.000000 
1534 -1484.000000 
1535 -1424.000000 
1536 -1416.000000 
1537 -1376.000000 
1538 -1208.000000 
1539 -1296.000000 
1540 -1308.000000 
1541 -1400.000000 
1542 -1296.000000 
1543 -1296.000000 
1544 -1252.000000 
1545 -1284.000000 
1546 -1348.000000 
1547 -1320.000000 
1548 -1340.000000 
1549 -1268.000000 
1550 -1220.000000 
1551 -1268.000000 
1552 -1256.000000 
1553 -1252.000000 
1554 -1208.000000 
1555 -1356.000000 
1556 -1292.000000 
1557 -1368.000000 
1558 -1336.000000 
1559 -1324.000000 
1560 -1428.000000 
1561 -1368.000000 
1562 -1388.000000 
1563 -1352.000000 
1564 -1348.000000 
1565 -1300.000000 
1566 -1340.000000 
1567 -1308.000000 
1568 -1248.000000 
1569 -1196.000000 
1570 -1272.000000 
1571 -1252.000000 
1572 -1388.000000 
1573 -1356.000000 
1574 -1276.000000 
1575 -1252.000000 
1576 -1248.000000 
1577 -1188.000000 
1578 -1276.000000 
1579 -1268.000000 
1580 -1256.000000 
1581 -1336.000000 
1582 -1428.000000 
1583 -1412.000000 
1584 -1408.000000 
1585 -1400.000000 
1586 -1404.000000 
1587 -1440.000000 
1588 -1424.000000 
1589 -1392.000000 
1590 -1364.000000 
1591 -1316.000000 
1592 -1232.000000 
1593 -1320.000000 
1594 -1244.000000 
1595 -1340.000000 
1596 -1412.000000 
1597 -1324.000000 
1598 -1340.000000 
1599 -1216.000000 
1600 -1344.000000 
1601 -1376.000000 
1602 -1248.000000 
1603 -1316.000000 
1604 -1260.000000 
1605 -1256.000000 
1606 -1276.000000 
1607 -1344.000000 
1608 -1268.000000 
1609 -1136.000000 
1610 -1340.000000 
1611 -1248.000000 
1612 -1268.000000 
1613 -1316.000000 
1614 -1380.000000 
1615 -1344.000000 
1616 -1380.000000 
1617 -1472.000000 
1618 -1408.000000 
1619 -1452.000000 
1620 -1508.000000 
1621 -1468.000000 
1622 -1460.000000 
1623 -1388.000000 
1624 -1324.000000 
1625 -1348.000000 
1626 -1348.000000 
1627 -1348.000000 
1628 -1456.000000 
1629 -1440.000000 
1630 -1380.000000 
1631 -1312.000000 
1632 -1300.000000 
1633 -1232.000000 
1634 -1204.000000 
1635 -1236.000000 
1636 -1216.000000 
1637 -1272.000000 
1638 -1268.000000 
1639 -1252.000000 
1640 -1188.000000 
1641 -1196.000000 
1642 -1224.000000 
1643 -1220.000000 
1644 -1212.000000 
1645 -1208.000000 
1646 -1316.000000 
1647 -1236.000000 
1648 -1280.000000 
1649 -1284.000000 
1650 -1320.000000 
1651 -1368.000000 
1652 -1372.000000 
1653 -1348.000000 
1654 -1344.000000 
1655 -1280.000000 
1656 -1252.000000 
1657 -1212.000000 
1658 -1180.000000 
1659 -1244.000000 
1660 -1240.000000 
1661 -1240.000000 
1662 -1200.000000 
1663 -1244.000000 
1664 -1324.000000 
1665 -1244.000000 
1666 -1256.000000 
1667 -1244.000000 
1668 -1372.000000 
1669 -1376.000000 
1670 -1368.000000 
1671 -1412.000000 
1672 -1364.000000 
1673 -1312.000000 
1674 -1368.000000 
1675 -1384.000000 
1676 -1488.000000 
1677 -1504.000000 
1678 -1464.000000 
1679 -1404.000000 
1680 -1428.000000 
1681 -1400.000000 
1682 -1396.000000 
1683 -1364.000000 
1684 -1372.000000 
1685 -1316.000000 
1686 -1284.000000 
1687 -1380.000000 
1688 -1308.000000 
1689 -1344.000000 
1690 -1256.000000 
1691 -1380.000000 
1692 -1336.000000 
1693 -1356.000000 
1694 -1408.000000 
1695 -1380.000000 
1696 -1528.000000 
1697 -1444.000000 
1698 -1368.000000 
1699 -1332.000000 
1700 -1324.000000 
1701 -1412.000000 
1702 -1288.000000 
1703 -1284.000000 
1704 -1216.000000 
1705 -1332.000000 
1706 -1244.000000 
1707 -1336.000000 
1708 -1340.000000 
1709 -1288.000000 
1710 -1372.000000 
1711 -1328.000000 
1712 -1288.000000 
1713 -1320.000000 
1714 -1260.000000 
1715 -1268.000000 
1716 -1248.000000 
1717 -1288.000000 
1718 -1308.000000 
1719 -1336.000000 
1720 -1276.000000 
1721 -1276.000000 
1722 -1244.000000 
1723 -1336.000000 
1724 -1276.000000 
1725 -1276.000000 
1726 -1344.000000 
1727 -1332.000000 
1728 -1284.000000 
1729 -1316.000000 
1730 -1204.000000 
1731 -1356.000000 
1732 -1380.000000 
1733 -1428.000000 
1734 -1324.000000 
1735 -1356.000000 
1736 -1324.000000 
1737 -1348.000000 
1738 -1332.000000 
1739 -1296.000000 
1740 -1288.000000 
1741 -1316.000000 
1742 -1376.000000 
1743 -1408.000000 
1744 -1400.000000 
1745 -1364.000000 
1746 -1316.000000 
1747 -1404.000000 
1748 -1392.000000 
1749 -1400.000000 
1750 -1332.000000 
1751 -1336.000000 
1752 -1392.000000 
1753 -1416.000000 
1754 -1472.000000 
1755 -1376.000000 
1756 -1356.000000 
1757 -1360.000000 
1758 -1352.000000 
1759 -1400.000000 
1760 -1340.000000 
1761 -1312.000000 
1762 -1336.000000 
1763 -1360.000000 
1764 -1360.000000 
1765 -1296.000000 
1766 -1284.000000 
1767 -1368.000000 
1768 -1284.000000 
1769 -1352.000000 
1770 -1336.000000 
1771 -1332.000000 
1772 -1364.000000 
1773 -1320.000000 
1774 -1240.000000 
1775 -1288.000000 
1776 -1320.000000 
1777 -1252.000000 
1778 -1284.000000 
1779 -1328.000000 
1780 -1404.000000 
1781 -1324.000000 
1782 -1240.000000 
1783 -1196.000000 
1784 -1272.000000 
1785 -1212.000000 
1786 -1264.000000 
1787 -1236.000000 
1788 -1280.000000 
1789 -1352.000000 
1790 -1360.000000 
1791 -1432.000000 
1792 -1524.000000 
1793 -1460.000000 
1794 -1456.000000 
1795 -1484.000000 
1796 -1436.000000 
1797 -1392.000000 
1798 -1444.000000 
1799 -1456.000000 
1800 -1488.000000 
1801 -1540.000000 
1802 -1464.000000 
1803 -1300.000000 
1804 -1304.000000 
1805 -1336.000000 
1806 -1316.000000 
1807 -1320.000000 
1808 -1344.000000 
1809 -1376.000000 
1810 -1332.000000 
1811 -1252.000000 
1812 -1304.000000 
1813 -1332.000000 
1814 -1392.000000 
1815 -1344.000000 
1816 -1292.000000 
1817 -1236.000000 
1818 -1216.000000 
1819 -1272.000000 
1820 -1296.000000 
1821 -1256.000000 
1822 -1232.000000 
1823 -1264.000000 
1824 -1252.000000 
1825 -1260.000000 
1826 -1272.000000 
1827 -1232.000000 
1828 -1228.000000 
1829 -1260.000000 
1830 -1276.000000 
1831 -1332.000000 
1832 -1428.000000 
1833 -1396.000000 
1834 -1300.000000 
1835 -1328.000000 
1836 -1316.000000 
1837 -1208.000000 
1838 -1316.000000 
1839 -1368.000000 
1840 -1452.000000 
1841 -1268.000000 
1842 -1352.000000 
1843 -1368.000000 
1844 -1324.000000 
1845 -1384.000000 
1846 -1300.000000 
1847 -1324.000000 
1848 -1392.000000 
1849 -1380.000000 
1850 -1324.000000 
1851 -1300.000000 
1852 -1344.000000 
1853 -1296.000000 
1854 -1344.000000 
1855 -1376.000000 
1856 -1424.000000 
1857 -1356.000000 
1858 -1436.000000 
1859 -1452.000000 
1860 -1428.000000 
1861 -1532.000000 
1862 -1476.000000 
1863 -1364.000000 
1864 -1376.000000 
1865 -1368.000000 
1866 -1356.000000 
1867 -1364.000000 
1868 -1228.000000 
1869 -1344.000000 
1870 -1372.000000 
1871 -1316.000000 
1872 -1380.000000 
1873 -1436.000000 
1874 -1376.000000 
1875 -1296.000000 
1876 -1340.000000 
1877 -1328.000000 
1878 -1296.000000 
1879 -1300.000000 
1880 -1324.000000 
1881 -1392.000000 
1882 -1356.000000 
1883 -1300.000000 
1884 -1440.000000 
1885 -1492.000000 
1886 -1384.000000 
1887 -1364.000000 
1888 -1464.000000 
1889 -1444.000000 
1890 -1492.000000 
1891 -1488.000000 
1892 -1576.000000 
1893 -1480.000000 
1894 -1464.000000 
1895 -1560.000000 
1896 -1504.000000 
1897 -1476.000000 
1898 -1412.000000 
1899 -1456.000000 
1900 -1396.000000 
1901 -1392.000000 
1902 -1308.000000 
1903 -1268.000000 
1904 -1212.000000 
1905 -1248.000000 
1906 -1216.000000 
1907 -1216.000000 
1908 -1184.000000 
1909 -1272.000000 
1910 -1332.000000 
1911 -1380.000000 
1912 -1364.000000 
1913 -1304.000000 
1914 -1300.000000 
1915 -1344.000000 
1916 -1292.000000 
1917 -1360.000000 
1918 -1428.000000 
1919 -1388.000000 
1920 -1288.000000 
1921 -1268.000000 
1922 -1256.000000 
1923 -1316.000000 
1924 -1220.000000 
1925 -1344.000000 
1926 -1392.000000 
1927 -1348.000000 
1928 -1384.000000 
1929 -1412.000000 
1930 -1372.000000 
1931 -1400.000000 
1932 -1444.000000 
1933 -1376.000000 
1934 -1388.000000 
1935 -1404.000000 
1936 -1352.000000 
1937 -1408.000000 
1938 -1352.000000 
1939 -1384.000000 
1940 -1340.000000 
1941 -1264.000000 
1942 -1228.000000 
1943 -1312.000000 
1944 -1272.000000 
1945 -1284.000000 
1946 -1256.000000 
1947 -1312.000000 
1948 -1268.000000 
1949 -1268.000000 
1950 -1300.000000 
1951 -1372.000000 
1952 -1356.000000 
1953 -1360.000000 
1954 -1324.000000 
1955 -1376.000000 
1956 -1444.000000 
1957 -1416.000000 
1958 -1420.000000 
1959 -1388.000000 
1960 -1396.000000 
1961 -1452.000000 
1962 -1432.000000 
1963 -1392.000000 
1964 -1424.000000 
1965 -1336.000000 
1966 -1240.000000 
1967 -1316.000000 
1968 -1332.000000 
1969 -1324.000000 
1970 -1300.000000 
1971 -1216.000000 
1972 -1232.000000 
1973 -1256.000000 
1974 -1292.000000 
1975 -1304.000000 
1976 -1304.000000 
1977 -1308.000000 
1978 -1416.000000 
1979 -1380.000000 
1980 -1360.000000 
1981 -1316.000000 
1982 -1348.000000 
1983 -1444.000000 
1984 -1520.000000 
1985 -1488.000000 
1986 -1464.000000 
1987 -1436.000000 
1988 -1400.000000 
1989 -1424.000000 
1990 -1500.000000 
1991 -1412.000000 
1992 -1528.000000 
1993 -1524.000000 
1994 -1512.000000 
1995 -1488.000000 
1996 -1492.000000 
1997 -1384.000000 
1998 -1296.000000 
1999 -1356.000000 
