1.500000 -3121.656000 
1.530000 -3111.476000 
1.560000 -3099.178400 
1.590000 -3085.409600 
1.620000 -3076.095200 
1.650000 -3064.111200 
1.680000 -3043.620000 
1.710000 -3029.745600 
1.740000 -3013.542400 
1.770000 -2995.570400 
1.800000 -2975.892000 
1.830000 -2950.040000 
1.860000 -2930.879200 
1.890000 -2900.045600 
1.920000 -2873.191200 
1.950000 -2849.643200 
1.980000 -2810.256800 
2.010000 -2781.273600 
2.040000 -2745.193600 
2.070000 -2700.840800 
2.100000 -2658.322400 
2.130000 -2624.455200 
2.160000 -2567.515200 
2.190000 -2507.571200 
2.220000 -2423.616800 
2.250000 -2295.606400 
2.280000 -2261.856000 
2.310000 -2144.452000 
2.340000 -2053.204000 
2.370000 -2015.185600 
2.400000 -1930.185600 
2.430000 -1868.301600 
2.460000 -1824.581600 
2.490000 -1780.883200 
2.520000 -1753.395200 
2.550000 -1704.857600 
2.580000 -1666.888000 
2.610000 -1630.787200 
2.640000 -1599.488800 
2.670000 -1571.790400 
2.700000 -1531.855200 
2.730000 -1510.615200 
2.760000 -1496.971200 
2.790000 -1458.172800 
2.820000 -1435.073600 
2.850000 -1412.471200 
2.880000 -1385.788000 
2.910000 -1372.078400 
2.940000 -1350.401600 
2.970000 -1328.052800 
