1.500000 0.986386 
1.530000 0.984456 
1.560000 0.982150 
1.590000 0.975527 
1.620000 0.977798 
1.650000 0.975389 
1.680000 0.971377 
1.710000 0.968332 
1.740000 0.965161 
1.770000 0.961356 
1.800000 0.956993 
1.830000 0.951304 
1.860000 0.946738 
1.890000 0.939078 
1.920000 0.932582 
1.950000 0.927072 
1.980000 0.915323 
2.010000 0.908084 
2.040000 0.896122 
2.070000 0.883880 
2.100000 0.868277 
2.130000 0.857871 
2.160000 0.839930 
2.190000 0.813402 
2.220000 0.759214 
2.250000 0.616644 
2.280000 0.624488 
2.310000 0.497933 
2.340000 0.320906 
2.370000 0.356026 
2.400000 0.279746 
2.430000 0.182645 
2.460000 0.174597 
2.490000 0.158179 
2.520000 0.168087 
2.550000 0.121835 
2.580000 0.105961 
2.610000 0.100914 
2.640000 0.109461 
2.670000 0.107008 
2.700000 0.092585 
2.730000 0.095127 
2.760000 0.094703 
2.790000 0.074816 
2.820000 0.081786 
2.850000 0.080894 
2.880000 0.078395 
2.910000 0.080666 
2.940000 0.076010 
2.970000 0.072614 
