0 1.192366 
50 0.217357 
100 -0.011768 
150 0.070718 
200 -0.095735 
250 -0.059041 
300 -0.012631 
350 0.069636 
400 -0.171434 
450 -0.188941 
500 0.103331 
550 0.016013 
600 -0.237050 
650 0.071583 
700 0.035158 
750 -0.016875 
800 0.144012 
850 0.045310 
900 -0.078053 
950 -0.140074 
1000 -0.121240 
1050 -0.182635 
1100 0.065963 
1150 0.025641 
1200 0.024012 
1250 -0.148076 
1300 -0.001220 
1350 -0.092398 
1400 -0.204179 
1450 0.038362 
1500 0.239396 
1550 0.074926 
1600 -0.050945 
1650 0.084095 
1700 -0.088001 
1750 -0.051970 
1800 0.151362 
1850 0.133863 
1900 -0.085152 
1950 0.134082 
2000 0.426354 
2050 0.169694 
2100 0.038503 
2150 0.010588 
2200 0.118722 
2250 -0.060121 
2300 0.218283 
2350 0.223904 
2400 -0.208528 
2450 -0.190132 
