0.834593 -19488.280000 4.062056 
0.864593 -19298.600000 5.155620 
0.894593 -19285.540000 3.117672 
0.924593 -19055.220000 4.840681 
0.954593 -18945.420000 4.289492 
0.984593 -18751.340000 4.080908 
1.014593 -18559.060000 2.984595 
1.044593 -18330.420000 2.348285 
1.074593 -18047.600000 1.144073 
1.104593 -17671.280000 1.594860 
1.134593 -17059.480000 2.484408 
1.164593 -16471.520000 1.115933 
1.194593 -16063.300000 1.359936 
1.224593 -15747.140000 1.331586 
1.254593 -15487.340000 1.257347 
1.284593 -15235.700000 1.415715 
1.314593 -15049.540000 0.778727 
1.344593 -14846.320000 0.895885 
1.374593 -14664.900000 0.921721 
1.404593 -14509.740000 0.835809 
