0.834593 0.914716 0.004603 
0.864593 0.820642 0.006300 
0.894593 0.938550 0.003859 
0.924593 0.839651 0.005385 
0.954593 0.890261 0.004362 
0.984593 0.880523 0.004170 
1.014593 0.903350 0.002703 
1.044593 0.909133 0.001998 
1.074593 0.913494 0.000407 
1.104593 0.885505 0.000187 
1.134593 0.731886 0.002831 
1.164593 0.566140 0.000819 
1.194593 0.508605 0.000558 
1.224593 0.480059 0.000310 
1.254593 0.465334 0.000467 
1.284593 0.445732 0.000383 
1.314593 0.429380 0.000513 
1.344593 0.425361 0.000373 
1.374593 0.420791 0.000263 
1.404593 0.407349 0.000534 
