0.834593 0.831046 0.009103 
0.864593 0.646400 0.012401 
0.894593 0.878560 0.007581 
0.924593 0.685874 0.010509 
0.954593 0.784966 0.008474 
0.984593 0.766638 0.008050 
1.014593 0.810982 0.005166 
1.044593 0.821684 0.003778 
1.074593 0.828204 0.000760 
1.104593 0.772976 0.000356 
1.134593 0.490654 0.004977 
1.164593 0.201794 0.001362 
1.194593 0.115848 0.000638 
1.224593 0.080848 0.000351 
1.254593 0.066334 0.000466 
1.284593 0.052302 0.000241 
1.314593 0.039992 0.000240 
1.344593 0.040104 0.000224 
1.374593 0.035138 0.000264 
1.404593 0.033468 0.000267 
