0 0.705179 
100 0.089914 
200 0.027186 
300 -0.033470 
400 0.030833 
500 0.044716 
600 -0.053540 
700 -0.128340 
800 -0.088465 
900 -0.123542 
1000 -0.126182 
1100 -0.028094 
1200 0.080366 
1300 0.021762 
1400 0.010222 
1500 -0.012994 
1600 0.062408 
1700 0.144907 
1800 0.100325 
1900 0.021237 
2000 -0.043514 
2100 -0.032199 
2200 -0.009384 
2300 -0.092163 
2400 -0.130853 
2500 -0.025254 
2600 0.016522 
2700 -0.125544 
2800 0.169097 
2900 0.038468 
3000 0.096980 
3100 -0.005515 
3200 0.094330 
3300 0.077297 
3400 0.040093 
3500 -0.071821 
3600 -0.259239 
3700 -0.040545 
3800 -0.130787 
3900 -0.118064 
4000 0.019038 
4100 -0.069123 
4200 -0.119709 
4300 -0.064488 
4400 -0.012198 
4500 0.237517 
4600 0.137711 
4700 0.033094 
4800 -0.102612 
4900 0.178479 
