0.741528 -4707.025000 1.642286 
0.745928 -4700.400000 0.386761 
0.750328 -4687.625000 1.423232 
0.754728 -4675.962500 0.557688 
0.759128 -4629.212500 3.029060 
0.763528 -4628.125000 2.442113 
0.767928 -4623.962500 1.013236 
0.772328 -4534.400000 5.294664 
0.776728 -4587.962500 0.884741 
0.781128 -4577.900000 0.766921 
0.785528 -4557.225000 1.082400 
0.789928 -4539.812500 0.980508 
0.794328 -4502.887500 1.512956 
0.798728 -4481.500000 0.879373 
0.803128 -4469.462500 1.100796 
0.807528 -4423.800000 0.952953 
0.811928 -4420.612500 1.270897 
0.816328 -4374.687500 1.400804 
0.820728 -4353.500000 0.776737 
0.825128 -4311.550000 1.330107 
0.829528 -4261.350000 0.954153 
0.833928 -4202.562500 2.244584 
0.838328 -4151.775000 1.542709 
0.842728 -4071.812500 2.391360 
0.847128 -3969.325000 2.039796 
0.851528 -3722.962500 7.142112 
0.855928 -3338.200000 6.856426 
0.860328 -3148.837500 2.149753 
0.864728 -3062.825000 2.142721 
0.869128 -3023.850000 1.753723 
0.873528 -2964.925000 1.819696 
0.877928 -2917.775000 0.971554 
0.882328 -2884.775000 0.959378 
0.886728 -2847.475000 1.586649 
0.891128 -2797.337500 1.449306 
0.895528 -2771.487500 0.452649 
0.899928 -2744.037500 0.835148 
0.904328 -2712.625000 1.074894 
0.908728 -2681.587500 1.295202 
0.913128 -2681.212500 1.123240 
0.917528 -2645.312500 1.478141 
0.921928 -2613.237500 0.927534 
0.926328 -2612.337500 0.813830 
0.930728 -2590.937500 0.965521 
0.935128 -2568.600000 0.860191 
0.939528 -2544.387500 0.522459 
0.943928 -2520.687500 0.877868 
0.948328 -2497.562500 0.654822 
0.952728 -2486.712500 1.274712 
0.957128 -2474.537500 0.507574 
