0.741528 0.952295 0.002147 
0.745928 0.964335 0.000059 
0.750328 0.948545 0.002294 
0.754728 0.960690 0.000088 
0.759128 0.916930 0.004342 
0.763528 0.932315 0.003634 
0.767928 0.953770 0.000156 
0.772328 0.837655 0.008101 
0.776728 0.948010 0.000124 
0.781128 0.947145 0.000109 
0.785528 0.943710 0.000181 
0.789928 0.940155 0.000135 
0.794328 0.934865 0.000272 
0.798728 0.930925 0.000192 
0.803128 0.929135 0.000176 
0.807528 0.921355 0.000201 
0.811928 0.919870 0.000251 
0.816328 0.912600 0.000270 
0.820728 0.908625 0.000215 
0.825128 0.898460 0.000315 
0.829528 0.888915 0.000286 
0.833928 0.874640 0.000689 
0.838328 0.863360 0.000412 
0.842728 0.837245 0.000832 
0.847128 0.803315 0.000850 
0.851528 0.660175 0.005108 
0.855928 0.375905 0.006172 
0.860328 0.227730 0.002619 
0.864728 0.175370 0.000807 
0.869128 0.136350 0.000402 
0.873528 0.126670 0.000964 
0.877928 0.115065 0.000702 
0.882328 0.093450 0.000331 
0.886728 0.100240 0.001058 
0.891128 0.085690 0.000773 
0.895528 0.077225 0.000376 
0.899928 0.073700 0.000415 
0.904328 0.072140 0.000193 
0.908728 0.061990 0.000511 
0.913128 0.062125 0.000196 
0.917528 0.060150 0.000067 
0.921928 0.054680 0.000234 
0.926328 0.056180 0.000369 
0.930728 0.052010 0.000350 
0.935128 0.049605 0.000341 
0.939528 0.046515 0.000232 
0.943928 0.043555 0.000261 
0.948328 0.043320 0.000217 
0.952728 0.045695 0.000377 
0.957128 0.043335 0.000166 
