0.741528 0.940506 0.002665 
0.745928 0.955419 0.000074 
0.750328 0.935937 0.002833 
0.754728 0.950888 0.000110 
0.759128 0.896850 0.005359 
0.763528 0.915731 0.004494 
0.767928 0.942250 0.000194 
0.772328 0.799106 0.009987 
0.776728 0.935025 0.000154 
0.781128 0.933963 0.000135 
0.785528 0.929650 0.000226 
0.789928 0.925244 0.000168 
0.794328 0.918631 0.000339 
0.798728 0.913731 0.000238 
0.803128 0.911513 0.000220 
0.807528 0.901863 0.000245 
0.811928 0.900019 0.000314 
0.816328 0.890962 0.000328 
0.820728 0.886088 0.000271 
0.825128 0.873619 0.000388 
0.829528 0.861712 0.000356 
0.833928 0.844106 0.000841 
0.838328 0.830400 0.000484 
0.842728 0.798963 0.001002 
0.847128 0.758663 0.000963 
0.851528 0.599763 0.005484 
0.855928 0.296762 0.006306 
0.860328 0.163963 0.002667 
0.864728 0.123463 0.000633 
0.869128 0.096200 0.000701 
0.873528 0.090300 0.001008 
0.877928 0.086606 0.001030 
0.882328 0.072069 0.000403 
0.886728 0.075469 0.000911 
0.891128 0.065544 0.000439 
0.895528 0.063181 0.000400 
0.899928 0.059713 0.000429 
0.904328 0.054769 0.000461 
0.908728 0.053825 0.000556 
0.913128 0.051425 0.000382 
0.917528 0.051638 0.000431 
0.921928 0.049481 0.000215 
0.926328 0.051587 0.000502 
0.930728 0.050381 0.000552 
0.935128 0.045488 0.000641 
0.939528 0.043125 0.000386 
0.943928 0.042512 0.000357 
0.948328 0.039200 0.000269 
0.952728 0.043887 0.000314 
0.957128 0.042425 0.000247 
