0 1.000000 
20 0.005623 
40 0.004563 
60 0.003525 
80 0.002699 
100 0.001903 
120 0.001221 
140 0.000841 
160 0.000418 
180 -0.000052 
200 -0.000375 
220 -0.000523 
240 -0.000788 
260 -0.000903 
280 -0.001037 
300 -0.001384 
320 -0.001566 
340 -0.001566 
360 -0.001402 
380 -0.001199 
400 -0.001384 
420 -0.001163 
440 -0.001095 
460 -0.000777 
480 -0.000607 
500 -0.000625 
520 -0.000327 
540 -0.000032 
560 0.000403 
580 0.000710 
600 0.001166 
620 0.001418 
640 0.001730 
660 0.001877 
680 0.002209 
700 0.002648 
720 0.002939 
740 0.002862 
760 0.002517 
780 0.002195 
800 0.001904 
820 0.001432 
840 0.001398 
860 0.001100 
880 0.000703 
900 0.000104 
920 -0.000546 
940 -0.000847 
960 -0.001385 
980 -0.001742 
1000 -0.001774 
1020 -0.001922 
1040 -0.002045 
1060 -0.002025 
1080 -0.001753 
1100 -0.001477 
1120 -0.001318 
1140 -0.001131 
1160 -0.000894 
1180 -0.000823 
1200 -0.001034 
1220 -0.001156 
1240 -0.001161 
1260 -0.000999 
1280 -0.000793 
1300 -0.000388 
1320 0.000239 
1340 0.000812 
1360 0.001247 
1380 0.001351 
1400 0.001587 
1420 0.001944 
1440 0.002122 
1460 0.001892 
1480 0.001698 
1500 0.001241 
1520 0.001139 
1540 0.000944 
1560 0.000935 
1580 0.000379 
1600 -0.000297 
1620 -0.000872 
1640 -0.001074 
1660 -0.001356 
1680 -0.001387 
1700 -0.001146 
1720 -0.001088 
1740 -0.001337 
1760 -0.001661 
1780 -0.001556 
1800 -0.001580 
1820 -0.001719 
1840 -0.001425 
1860 -0.001042 
1880 -0.000797 
1900 -0.000527 
1920 -0.000312 
1940 -0.000094 
1960 -0.000382 
1980 -0.000695 
