1.024593 -4634.300000 1.212627 
1.035593 -4578.325000 2.982643 
1.046593 -4578.550000 0.839862 
1.057593 -4560.725000 0.768707 
1.068593 -4515.200000 1.472598 
1.079593 -4504.800000 0.948059 
1.090593 -4473.900000 0.890573 
1.101593 -4432.425000 0.711223 
1.112593 -4391.400000 1.822824 
1.123593 -4328.025000 1.694400 
1.134593 -4280.575000 0.706800 
1.145593 -4217.975000 1.570299 
1.156593 -4152.500000 1.855552 
1.167593 -4129.200000 1.730628 
1.178593 -4079.725000 1.116293 
1.189593 -4043.925000 0.997532 
1.200593 -3990.375000 0.958172 
1.211593 -3979.825000 1.171426 
1.222593 -3949.450000 1.132668 
1.233593 -3911.850000 0.543581 
