1.024593 0.942180 0.001028 
1.035593 0.880945 0.006593 
1.046593 0.932205 0.000498 
1.057593 0.924495 0.001008 
1.068593 0.888405 0.003258 
1.079593 0.913335 0.000490 
1.090593 0.907150 0.000333 
1.101593 0.885205 0.000427 
1.112593 0.877835 0.001408 
1.123593 0.826755 0.002211 
1.134593 0.794815 0.001762 
1.145593 0.722480 0.004838 
1.156593 0.662425 0.003348 
1.167593 0.672840 0.004406 
1.178593 0.632270 0.002389 
1.189593 0.603995 0.001026 
1.200593 0.551230 0.001029 
1.211593 0.568955 0.001263 
1.222593 0.555370 0.001403 
1.233593 0.532980 0.001032 
