1.024593 0.884760 0.002011 
1.035593 0.767800 0.012594 
1.046593 0.865040 0.000939 
1.057593 0.849930 0.001939 
1.068593 0.781150 0.006120 
1.079593 0.827700 0.000938 
1.090593 0.815130 0.000660 
1.101593 0.772670 0.000800 
1.112593 0.757990 0.002678 
1.123593 0.661280 0.004172 
1.134593 0.601460 0.003279 
1.145593 0.470190 0.008802 
1.156593 0.356930 0.006017 
1.167593 0.381910 0.007729 
1.178593 0.302840 0.004132 
1.189593 0.254460 0.001766 
1.200593 0.167180 0.001666 
1.211593 0.193630 0.001929 
1.222593 0.171760 0.002270 
1.233593 0.137610 0.001593 
