0 0.783258 
50 -0.000679 
100 -0.079240 
150 0.050958 
200 0.002043 
250 -0.000050 
300 0.084178 
350 0.067315 
400 -0.008955 
450 0.042817 
500 0.005551 
550 -0.020885 
600 -0.010657 
650 -0.071562 
700 -0.013446 
750 -0.015680 
800 -0.120182 
850 0.028028 
900 0.104778 
950 -0.030819 
1000 -0.014712 
1050 -0.075318 
1100 -0.027899 
1150 0.092335 
1200 0.074431 
1250 0.073668 
1300 -0.004654 
1350 -0.031803 
1400 0.009701 
1450 0.031900 
1500 0.059667 
1550 0.037820 
1600 -0.051711 
1650 -0.037094 
1700 -0.001119 
1750 0.066943 
1800 0.023235 
1850 -0.012259 
1900 0.029850 
1950 -0.002665 
2000 -0.058386 
2050 0.119932 
2100 0.075652 
2150 0.032543 
2200 0.009695 
2250 0.014615 
2300 -0.040222 
2350 0.090407 
2400 0.185444 
2450 -0.064681 
2500 -0.091720 
2550 -0.005507 
2600 -0.015372 
2650 0.130156 
2700 -0.006618 
2750 0.033850 
2800 -0.116091 
2850 -0.108000 
2900 -0.033966 
2950 0.025432 
3000 -0.027572 
3050 -0.025838 
3100 0.032460 
3150 0.018023 
3200 0.017553 
3250 0.096138 
3300 0.057276 
3350 0.016796 
3400 0.004521 
3450 0.065611 
3500 0.187442 
3550 0.126380 
3600 0.036748 
3650 0.171099 
3700 0.008902 
3750 -0.116687 
3800 -0.059979 
3850 0.100860 
3900 0.139089 
3950 -0.025848 
4000 0.049649 
4050 -0.011373 
4100 -0.000971 
4150 0.078426 
4200 -0.001143 
4250 -0.171613 
4300 -0.065375 
4350 0.025413 
4400 0.097151 
4450 0.104330 
4500 0.013186 
4550 0.005317 
4600 0.037349 
4650 -0.037649 
4700 -0.137313 
4750 0.209006 
4800 0.130267 
4850 -0.151919 
4900 -0.009958 
4950 -0.086676 
