0.694973 -19576.137500 4.051927 
0.724973 -19533.000000 3.152244 
0.754973 -19379.237500 4.370713 
0.784973 -19301.000000 0.467466 
0.814973 -19120.462500 0.518610 
0.844973 -18781.637500 5.216953 
0.874973 -18608.900000 1.141537 
0.904973 -18242.912500 0.946450 
0.934973 -17719.025000 4.382052 
0.964973 -17162.125000 1.671161 
0.994973 -15856.725000 2.283441 
1.024973 -14345.325000 1.449403 
1.054973 -13715.750000 0.474030 
1.084973 -13227.537500 0.667793 
1.114973 -12826.037500 0.706197 
1.144973 -12483.337500 1.097485 
1.174973 -12197.300000 0.722606 
1.204973 -11960.087500 0.926636 
1.234973 -11722.262500 0.874094 
1.264973 -11493.325000 1.048732 
