0.694973 0.879447 0.004706 
0.724973 0.950071 0.002853 
0.754973 0.914766 0.003519 
0.784973 0.979729 0.000015 
0.814973 0.973769 0.000021 
0.844973 0.892739 0.003591 
0.874973 0.953027 0.000213 
0.904973 0.940129 0.000041 
0.934973 0.862448 0.003900 
0.964973 0.878841 0.000159 
0.994973 0.687800 0.001344 
1.024973 0.228044 0.000546 
1.054973 0.128486 0.000172 
1.084973 0.089466 0.000411 
1.114973 0.067745 0.000187 
1.144973 0.052995 0.000103 
1.174973 0.045901 0.000099 
1.204973 0.039586 0.000160 
1.234973 0.034498 0.000089 
1.264973 0.030783 0.000054 
