0.694973 0.819884 0.007029 
0.724973 0.925437 0.004255 
0.754973 0.872918 0.005240 
0.784973 0.969595 0.000023 
0.814973 0.960659 0.000031 
0.844973 0.840876 0.005299 
0.874973 0.929646 0.000313 
0.904973 0.910281 0.000061 
0.934973 0.797382 0.005604 
0.964973 0.819421 0.000231 
0.994973 0.554211 0.001718 
1.024973 0.088384 0.000304 
1.054973 0.053001 0.000243 
1.084973 0.043630 0.000160 
1.114973 0.034424 0.000180 
1.144973 0.026618 0.000152 
1.174973 0.027974 0.000119 
1.204973 0.025707 0.000141 
1.234973 0.022829 0.000156 
1.264973 0.019928 0.000087 
