0 1.160706 
50 0.179624 
100 0.016009 
150 0.097992 
200 0.106622 
250 0.259008 
300 0.090551 
350 0.081155 
400 0.197957 
450 0.132649 
500 0.122146 
550 0.255539 
600 0.198297 
650 0.050077 
700 0.160849 
750 0.172710 
800 0.306792 
850 0.154600 
900 -0.040292 
950 0.054199 
1000 0.184725 
1050 0.112225 
1100 0.181403 
1150 0.117928 
1200 0.180202 
1250 0.200777 
1300 0.121553 
1350 0.039208 
1400 0.217646 
1450 0.166721 
1500 0.130232 
1550 0.263332 
1600 0.114177 
1650 0.135172 
1700 0.081464 
1750 0.086571 
1800 0.275796 
1850 0.246618 
1900 0.133278 
1950 0.111308 
2000 0.079116 
2050 0.200749 
2100 0.183824 
2150 0.139135 
2200 0.231525 
2250 0.131533 
2300 0.216156 
2350 0.186129 
2400 0.261714 
2450 0.169232 
2500 0.011084 
2550 0.103484 
2600 0.275107 
2650 0.313989 
2700 0.083965 
2750 0.108704 
2800 0.173682 
2850 0.132179 
2900 0.220533 
2950 0.258777 
3000 0.107516 
3050 0.163147 
3100 0.182384 
3150 0.086725 
3200 0.175950 
3250 0.050862 
3300 0.177786 
3350 0.289221 
3400 0.140336 
3450 0.094020 
3500 0.129053 
3550 0.153432 
3600 0.236186 
3650 0.150107 
3700 0.115124 
3750 0.282875 
3800 0.006340 
3850 0.122461 
3900 0.290070 
3950 0.135842 
4000 0.032829 
4050 0.088212 
4100 0.114948 
4150 0.265122 
4200 0.186358 
4250 -0.142171 
4300 0.194999 
4350 0.190296 
4400 -0.037549 
4450 0.272894 
4500 0.195591 
4550 0.251874 
4600 0.189930 
4650 0.064088 
4700 0.355862 
4750 0.403094 
4800 0.032267 
4850 0.188863 
4900 0.127870 
4950 0.112070 
