0.610239 -19723.612500 3.780779 
0.640239 -19670.287500 2.900056 
0.670239 -19612.212500 0.344768 
0.700239 -19434.775000 3.269191 
0.730239 -19201.275000 4.813620 
0.760239 -18909.562500 5.464235 
0.790239 -18617.687500 6.298522 
0.820239 -18207.300000 6.160271 
0.850239 -17778.287500 5.620077 
0.880239 -17152.550000 1.819057 
0.910239 -15185.787500 9.854948 
0.940239 -12832.437500 0.730051 
0.970239 -12026.912500 1.690268 
1.000239 -11469.700000 0.771461 
1.030239 -11008.300000 0.602934 
1.060239 -10665.937500 1.174013 
1.090239 -10331.900000 0.838265 
1.120239 -10055.150000 0.372255 
1.150239 -9850.750000 0.508218 
1.180239 -9616.400000 0.457205 
