0.610239 0.887427 0.005256 
0.640239 0.947667 0.003333 
0.670239 0.989452 0.000011 
0.700239 0.934681 0.003811 
0.730239 0.867226 0.005532 
0.760239 0.805381 0.005560 
0.790239 0.809029 0.005640 
0.820239 0.790769 0.004899 
0.850239 0.849150 0.003791 
0.880239 0.890921 0.000124 
0.910239 0.627470 0.003401 
0.940239 0.078354 0.000279 
0.970239 0.041478 0.000064 
1.000239 0.030637 0.000073 
1.030239 0.022949 0.000054 
1.060239 0.019463 0.000052 
1.090239 0.017368 0.000035 
1.120239 0.014794 0.000032 
1.150239 0.013155 0.000033 
1.180239 0.011700 0.000022 
