0.610239 0.850148 0.006996 
0.640239 0.930370 0.004433 
0.670239 0.985938 0.000015 
0.700239 0.913202 0.005059 
0.730239 0.824083 0.007321 
0.760239 0.742570 0.007346 
0.790239 0.748088 0.007421 
0.820239 0.724963 0.006411 
0.850239 0.801847 0.004921 
0.880239 0.855227 0.000163 
0.910239 0.535747 0.003788 
0.940239 0.050450 0.000208 
0.970239 0.034108 0.000095 
1.000239 0.027537 0.000095 
1.030239 0.022462 0.000084 
1.060239 0.021887 0.000079 
1.090239 0.019303 0.000085 
1.120239 0.019200 0.000068 
1.150239 0.017510 0.000045 
1.180239 0.016407 0.000057 
