0 1.136662 
100 0.373760 
200 0.271656 
300 0.134283 
400 0.225303 
500 0.379006 
600 0.197710 
700 0.308938 
800 0.294160 
900 0.323708 
1000 0.441609 
1100 0.288405 
1200 0.449523 
1300 0.254488 
1400 0.327594 
1500 0.417708 
1600 0.392812 
1700 0.357593 
1800 0.074349 
1900 0.227369 
2000 0.418556 
2100 0.529604 
2200 0.474185 
2300 0.309298 
2400 0.342950 
2500 0.347170 
2600 0.282146 
2700 0.368665 
2800 0.268025 
2900 0.476147 
3000 0.278015 
3100 0.414188 
3200 0.438825 
3300 0.373847 
3400 0.299577 
3500 0.203856 
3600 0.286878 
3700 0.440806 
3800 0.346643 
3900 0.326046 
4000 0.355192 
4100 0.312222 
4200 0.380817 
4300 0.500829 
4400 0.383091 
4500 0.376632 
4600 0.280735 
4700 0.121225 
4800 0.287906 
4900 0.338811 
