0.800239 -4639.862500 4.330909 
0.804639 -4649.900000 0.736972 
0.809039 -4631.287500 0.724483 
0.813439 -4628.650000 0.956749 
0.817839 -4614.262500 0.802077 
0.822239 -4593.612500 0.432013 
0.826639 -4576.900000 1.649026 
0.831039 -4556.150000 0.933887 
0.835439 -4520.762500 1.537517 
0.839839 -4520.337500 1.199326 
0.844239 -4509.575000 0.200355 
0.848639 -4479.337500 1.080041 
0.853039 -4438.737500 2.752946 
0.857439 -4443.912500 1.323203 
0.861839 -4418.987500 1.264827 
0.866239 -4394.300000 0.600666 
0.870639 -4369.162500 1.060200 
0.875039 -4338.137500 1.168099 
0.879439 -4289.900000 1.558607 
0.883839 -4251.337500 1.239513 
0.888239 -4212.925000 1.224979 
0.892639 -4182.950000 1.350327 
0.897039 -4127.912500 2.001219 
0.901439 -4060.787500 2.228457 
0.905839 -4007.237500 2.396669 
0.910239 -3808.375000 5.610029 
0.914639 -3641.775000 3.550098 
0.919039 -3489.337500 5.013304 
0.923439 -3404.425000 3.906766 
0.927839 -3339.687500 1.478027 
0.932239 -3249.075000 1.612895 
0.936639 -3241.075000 1.035149 
0.941039 -3207.550000 0.682237 
0.945439 -3169.262500 0.754628 
0.949839 -3127.650000 1.014333 
0.954239 -3094.625000 1.107147 
0.958639 -3067.337500 1.019651 
0.963039 -3055.575000 1.010338 
0.967439 -3019.162500 1.993505 
0.971839 -3009.787500 1.261565 
0.976239 -2968.137500 1.645576 
0.980639 -2948.212500 1.536215 
0.985039 -2928.387500 1.138924 
0.989439 -2904.650000 1.020666 
0.993839 -2888.537500 1.123989 
0.998239 -2877.050000 0.919422 
1.002639 -2851.487500 1.359054 
1.007039 -2836.875000 0.759356 
1.011439 -2816.225000 1.670424 
1.015839 -2804.762500 0.917910 
