0.800239 0.907225 0.007801 
0.804639 0.955715 0.000177 
0.809039 0.953900 0.000124 
0.813439 0.953525 0.000174 
0.817839 0.951300 0.000115 
0.822239 0.944925 0.000501 
0.826639 0.934475 0.001948 
0.831039 0.942195 0.000134 
0.835439 0.917100 0.002234 
0.839839 0.929915 0.001061 
0.844239 0.934405 0.000067 
0.848639 0.928760 0.000183 
0.853039 0.901075 0.003526 
0.857439 0.921040 0.000385 
0.861839 0.918355 0.000286 
0.866239 0.914230 0.000219 
0.870639 0.907535 0.000224 
0.875039 0.901435 0.000203 
0.879439 0.891615 0.000413 
0.883839 0.883200 0.000294 
0.888239 0.872365 0.000497 
0.892639 0.863305 0.000451 
0.897039 0.849270 0.000622 
0.901439 0.820920 0.001109 
0.905839 0.805075 0.001240 
0.910239 0.666315 0.004484 
0.914639 0.544065 0.003159 
0.919039 0.401565 0.006145 
0.923439 0.334005 0.004437 
0.927839 0.277715 0.001931 
0.932239 0.221285 0.001479 
0.936639 0.220360 0.001131 
0.941039 0.192385 0.001089 
0.945439 0.170635 0.000864 
0.949839 0.156870 0.001098 
0.954239 0.139600 0.000989 
0.958639 0.135560 0.000497 
0.963039 0.123515 0.000992 
0.967439 0.120580 0.001009 
0.971839 0.120315 0.000728 
0.976239 0.103480 0.000563 
0.980639 0.101455 0.000672 
0.985039 0.096070 0.000446 
0.989439 0.090600 0.000455 
0.993839 0.092315 0.000603 
0.998239 0.085945 0.000612 
1.002639 0.080210 0.000435 
1.007039 0.076470 0.000269 
1.011439 0.076245 0.000426 
1.015839 0.079055 0.000473 
