0.800239 0.877280 0.010256 
0.804639 0.940967 0.000234 
0.809039 0.938533 0.000166 
0.813439 0.938060 0.000232 
0.817839 0.935067 0.000154 
0.822239 0.926660 0.000656 
0.826639 0.913013 0.002545 
0.831039 0.922980 0.000179 
0.835439 0.890293 0.002893 
0.839839 0.906913 0.001374 
0.844239 0.912640 0.000092 
0.848639 0.905173 0.000245 
0.853039 0.869113 0.004570 
0.857439 0.894933 0.000512 
0.861839 0.891340 0.000380 
0.866239 0.886027 0.000285 
0.870639 0.876900 0.000298 
0.875039 0.869000 0.000263 
0.879439 0.855993 0.000548 
0.883839 0.845020 0.000383 
0.888239 0.831133 0.000624 
0.892639 0.819020 0.000582 
0.897039 0.800620 0.000793 
0.901439 0.765067 0.001396 
0.905839 0.744000 0.001569 
0.910239 0.578420 0.005301 
0.914639 0.440073 0.003573 
0.919039 0.281960 0.006619 
0.923439 0.222260 0.004876 
0.927839 0.167613 0.001846 
0.932239 0.130180 0.000827 
0.936639 0.128360 0.001054 
0.941039 0.105207 0.000936 
0.945439 0.094433 0.001116 
0.949839 0.087027 0.001012 
0.954239 0.082593 0.000867 
0.958639 0.080073 0.000709 
0.963039 0.076880 0.000662 
0.967439 0.071500 0.000897 
0.971839 0.077827 0.000503 
0.976239 0.062053 0.000464 
0.980639 0.065940 0.000654 
0.985039 0.054167 0.000270 
0.989439 0.063253 0.000376 
0.993839 0.064673 0.000511 
0.998239 0.060100 0.000459 
1.002639 0.055413 0.000511 
1.007039 0.053693 0.000465 
1.011439 0.051520 0.000563 
1.015839 0.050687 0.000422 
