0 0.548499 
100 0.041305 
200 -0.040160 
300 0.060327 
400 -0.040863 
500 -0.005246 
600 0.025680 
700 -0.058427 
800 -0.017455 
900 -0.036393 
1000 -0.029277 
1100 0.098288 
1200 0.060653 
1300 -0.025029 
1400 0.009270 
1500 0.032269 
1600 0.084163 
1700 0.044756 
1800 -0.044308 
1900 -0.045833 
2000 0.031968 
2100 -0.012208 
2200 -0.019042 
2300 0.082188 
2400 0.029695 
2500 -0.069384 
2600 0.037941 
2700 -0.079749 
2800 -0.056221 
2900 -0.006898 
3000 -0.062763 
3100 0.011858 
3200 0.017880 
3300 -0.041469 
3400 0.092188 
3500 0.029730 
3600 -0.008126 
3700 0.047331 
3800 -0.026131 
3900 0.021693 
4000 0.124383 
4100 -0.046025 
4200 -0.025393 
4300 0.028008 
4400 -0.051429 
4500 -0.021704 
4600 0.027456 
4700 -0.014711 
4800 0.014539 
4900 0.038523 
5000 0.093290 
5100 0.039223 
5200 -0.015314 
5300 -0.033188 
5400 -0.003034 
5500 0.071902 
5600 -0.010767 
5700 -0.028813 
5800 -0.027248 
5900 -0.042853 
6000 0.016385 
6100 -0.016519 
6200 -0.042907 
6300 0.045044 
6400 -0.020713 
6500 0.043130 
6600 0.038379 
6700 -0.026848 
6800 -0.059132 
6900 -0.026406 
7000 -0.025258 
7100 0.068267 
7200 -0.009806 
7300 -0.070149 
7400 0.033418 
7500 0.012701 
7600 -0.028704 
7700 0.039892 
7800 -0.020617 
7900 -0.014994 
8000 0.006140 
8100 0.043868 
8200 0.008456 
8300 -0.037695 
8400 -0.051179 
8500 0.034456 
8600 0.060862 
8700 -0.024929 
8800 0.064967 
8900 0.053156 
9000 -0.042955 
9100 0.055548 
9200 0.014712 
9300 -0.044655 
9400 -0.024955 
9500 0.025526 
9600 -0.071493 
9700 0.050103 
9800 -0.008504 
9900 -0.038062 
