0.551528 -19833.875000 2.836393 
0.581528 -19769.937500 2.927084 
0.611528 -19647.262500 3.606623 
0.641528 -19586.612500 0.941754 
0.671528 -19401.825000 3.587507 
0.701528 -19089.800000 5.125688 
0.731528 -18861.650000 5.574062 
0.761528 -18560.400000 2.996524 
0.791528 -18093.087500 1.202420 
0.821528 -17314.100000 2.234938 
0.851528 -14911.462500 8.984532 
0.881528 -11579.875000 1.225737 
0.911528 -10728.412500 1.136338 
0.941528 -10123.400000 0.929904 
0.971528 -9669.512500 1.594754 
1.001528 -9312.925000 0.894268 
1.031528 -8985.512500 1.274092 
1.061528 -8720.137500 0.771876 
1.091528 -8495.887500 0.732457 
1.121528 -8271.575000 0.907516 
