0.551528 0.958747 0.002837 
0.581528 0.937156 0.004329 
0.611528 0.912540 0.004272 
0.641528 0.982974 0.000464 
0.671528 0.942565 0.003157 
0.701528 0.849581 0.004672 
0.731528 0.871404 0.004860 
0.761528 0.931560 0.001674 
0.791528 0.938040 0.000051 
0.821528 0.894830 0.000768 
0.851528 0.644755 0.002352 
0.881528 0.039374 0.000095 
0.911528 0.023166 0.000056 
0.941528 0.015934 0.000031 
0.971528 0.013272 0.000031 
1.001528 0.010369 0.000010 
1.031528 0.009501 0.000021 
1.061528 0.008251 0.000017 
1.091528 0.007450 0.000013 
1.121528 0.006865 0.000011 
