0.551528 0.948470 0.003543 
0.581528 0.921514 0.005406 
0.611528 0.890884 0.005329 
0.641528 0.978730 0.000579 
0.671528 0.928444 0.003929 
0.701528 0.812831 0.005809 
0.731528 0.840337 0.006022 
0.761528 0.914814 0.002070 
0.791528 0.922631 0.000062 
0.821528 0.869308 0.000926 
0.851528 0.583048 0.002413 
0.881528 0.034834 0.000136 
0.911528 0.024844 0.000056 
0.941528 0.022319 0.000087 
0.971528 0.017989 0.000069 
1.001528 0.017464 0.000065 
1.031528 0.015839 0.000072 
1.061528 0.014352 0.000051 
1.091528 0.013661 0.000046 
1.121528 0.011941 0.000050 
